     X	             Y	             Z
5.6244e+00	3.5000e+01	5.0000e+00
5.7526e+00	3.4453e+01	5.0000e+00
5.7526e+00	3.4453e+01	5.0000e+00
5.7064e+00	3.4650e+01	5.0000e+00
5.7064e+00	3.4650e+01	5.0000e+00
5.8855e+00	3.3886e+01	5.0000e+00
5.8855e+00	3.3886e+01	5.0000e+00
5.8191e+00	3.4169e+01	5.0000e+00
5.8191e+00	3.4169e+01	5.0000e+00
5.8704e+00	3.3950e+01	5.0000e+00
5.8704e+00	3.3950e+01	5.0000e+00
5.7884e+00	3.4300e+01	5.0000e+00
5.7884e+00	3.4300e+01	5.0000e+00
5.9500e+00	3.3610e+01	5.0000e+00
5.9500e+00	3.3610e+01	5.0000e+00
5.7389e+00	3.4511e+01	5.0000e+00
5.7389e+00	3.4511e+01	5.0000e+00
5.8461e+00	3.4054e+01	5.0000e+00
5.8461e+00	3.4054e+01	5.0000e+00
5.6862e+00	3.4736e+01	5.0000e+00
5.6862e+00	3.4736e+01	5.0000e+00
5.6318e+00	3.4968e+01	5.0000e+00
5.6318e+00	3.4968e+01	5.0000e+00
5.9520e+00	3.3602e+01	5.0000e+00
5.9520e+00	3.3602e+01	5.0000e+00
5.9525e+00	3.3600e+01	5.0000e+00
5.9525e+00	3.3600e+01	5.0000e+00
5.9533e+00	3.3597e+01	5.0000e+00
5.9533e+00	3.3597e+01	5.0000e+00
6.0198e+00	3.3320e+01	5.0000e+00
6.0198e+00	3.3320e+01	5.0000e+00
6.0366e+00	3.3250e+01	5.0000e+00
6.0366e+00	3.3250e+01	5.0000e+00
6.0640e+00	3.3136e+01	5.0000e+00
6.0640e+00	3.3136e+01	5.0000e+00
6.0876e+00	3.3038e+01	5.0000e+00
6.0876e+00	3.3038e+01	5.0000e+00
6.1207e+00	3.2900e+01	5.0000e+00
6.1207e+00	3.2900e+01	5.0000e+00
6.1554e+00	3.2755e+01	5.0000e+00
6.1554e+00	3.2755e+01	5.0000e+00
6.1746e+00	3.2675e+01	5.0000e+00
6.1746e+00	3.2675e+01	5.0000e+00
6.2047e+00	3.2550e+01	5.0000e+00
6.2047e+00	3.2550e+01	5.0000e+00
6.2232e+00	3.2473e+01	5.0000e+00
6.2232e+00	3.2473e+01	5.0000e+00
6.2853e+00	3.2215e+01	5.0000e+00
6.2853e+00	3.2215e+01	5.0000e+00
6.2888e+00	3.2200e+01	5.0000e+00
6.2888e+00	3.2200e+01	5.0000e+00
6.2910e+00	3.2191e+01	5.0000e+00
6.2910e+00	3.2191e+01	5.0000e+00
6.3000e+00	3.2153e+01	5.0000e+00
6.3000e+00	3.2153e+01	5.0000e+00
6.3600e+00	3.1910e+01	5.0000e+00
6.3600e+00	3.1910e+01	5.0000e+00
6.3748e+00	3.1850e+01	5.0000e+00
6.3748e+00	3.1850e+01	5.0000e+00
6.3993e+00	3.1751e+01	5.0000e+00
6.3993e+00	3.1751e+01	5.0000e+00
6.4292e+00	3.1629e+01	5.0000e+00
6.4292e+00	3.1629e+01	5.0000e+00
6.4611e+00	3.1500e+01	5.0000e+00
6.4611e+00	3.1500e+01	5.0000e+00
6.4984e+00	3.1348e+01	5.0000e+00
6.4984e+00	3.1348e+01	5.0000e+00
6.5137e+00	3.1286e+01	5.0000e+00
6.5137e+00	3.1286e+01	5.0000e+00
6.5473e+00	3.1150e+01	5.0000e+00
6.5473e+00	3.1150e+01	5.0000e+00
6.5676e+00	3.1068e+01	5.0000e+00
6.5676e+00	3.1068e+01	5.0000e+00
6.6282e+00	3.0822e+01	5.0000e+00
6.6282e+00	3.0822e+01	5.0000e+00
6.6336e+00	3.0800e+01	5.0000e+00
6.6336e+00	3.0800e+01	5.0000e+00
6.6368e+00	3.0787e+01	5.0000e+00
6.6368e+00	3.0787e+01	5.0000e+00
6.6500e+00	3.0733e+01	5.0000e+00
6.6500e+00	3.0733e+01	5.0000e+00
6.7072e+00	3.0507e+01	5.0000e+00
6.7072e+00	3.0507e+01	5.0000e+00
6.7217e+00	3.0450e+01	5.0000e+00
6.7217e+00	3.0450e+01	5.0000e+00
6.7460e+00	3.0354e+01	5.0000e+00
6.7460e+00	3.0354e+01	5.0000e+00
6.7779e+00	3.0228e+01	5.0000e+00
6.7779e+00	3.0228e+01	5.0000e+00
6.8102e+00	3.0100e+01	5.0000e+00
6.8102e+00	3.0100e+01	5.0000e+00
6.8486e+00	2.9949e+01	5.0000e+00
6.8486e+00	2.9949e+01	5.0000e+00
6.8645e+00	2.9885e+01	5.0000e+00
6.8645e+00	2.9885e+01	5.0000e+00
6.8988e+00	2.9750e+01	5.0000e+00
6.8988e+00	2.9750e+01	5.0000e+00
6.9192e+00	2.9669e+01	5.0000e+00
6.9192e+00	2.9669e+01	5.0000e+00
6.9831e+00	2.9417e+01	5.0000e+00
6.9831e+00	2.9417e+01	5.0000e+00
6.9873e+00	2.9400e+01	5.0000e+00
6.9873e+00	2.9400e+01	5.0000e+00
6.9899e+00	2.9390e+01	5.0000e+00
6.9899e+00	2.9390e+01	5.0000e+00
7.0000e+00	2.9350e+01	5.0000e+00
7.0000e+00	2.9350e+01	5.0000e+00
7.0619e+00	2.9112e+01	5.0000e+00
7.0619e+00	2.9112e+01	5.0000e+00
7.0780e+00	2.9050e+01	5.0000e+00
7.0780e+00	2.9050e+01	5.0000e+00
7.1054e+00	2.8945e+01	5.0000e+00
7.1054e+00	2.8945e+01	5.0000e+00
7.1341e+00	2.8834e+01	5.0000e+00
7.1341e+00	2.8834e+01	5.0000e+00
7.1689e+00	2.8700e+01	5.0000e+00
7.1689e+00	2.8700e+01	5.0000e+00
7.2063e+00	2.8556e+01	5.0000e+00
7.2063e+00	2.8556e+01	5.0000e+00
7.2283e+00	2.8472e+01	5.0000e+00
7.2283e+00	2.8472e+01	5.0000e+00
7.2599e+00	2.8350e+01	5.0000e+00
7.2599e+00	2.8350e+01	5.0000e+00
7.2785e+00	2.8278e+01	5.0000e+00
7.2785e+00	2.8278e+01	5.0000e+00
7.3500e+00	2.8003e+01	5.0000e+00
7.3500e+00	2.8003e+01	5.0000e+00
7.3507e+00	2.8001e+01	5.0000e+00
7.3507e+00	2.8001e+01	5.0000e+00
7.3509e+00	2.8000e+01	5.0000e+00
7.3509e+00	2.8000e+01	5.0000e+00
7.3512e+00	2.7999e+01	5.0000e+00
7.3512e+00	2.7999e+01	5.0000e+00
7.4245e+00	2.7725e+01	5.0000e+00
7.4245e+00	2.7725e+01	5.0000e+00
7.4444e+00	2.7650e+01	5.0000e+00
7.4444e+00	2.7650e+01	5.0000e+00
7.4789e+00	2.7521e+01	5.0000e+00
7.4789e+00	2.7521e+01	5.0000e+00
7.4983e+00	2.7448e+01	5.0000e+00
7.4983e+00	2.7448e+01	5.0000e+00
7.5379e+00	2.7300e+01	5.0000e+00
7.5379e+00	2.7300e+01	5.0000e+00
7.5721e+00	2.7172e+01	5.0000e+00
7.5721e+00	2.7172e+01	5.0000e+00
7.6065e+00	2.7044e+01	5.0000e+00
7.6065e+00	2.7044e+01	5.0000e+00
7.6315e+00	2.6950e+01	5.0000e+00
7.6315e+00	2.6950e+01	5.0000e+00
7.6459e+00	2.6896e+01	5.0000e+00
7.6459e+00	2.6896e+01	5.0000e+00
7.7000e+00	2.6694e+01	5.0000e+00
7.7000e+00	2.6694e+01	5.0000e+00
7.7202e+00	2.6620e+01	5.0000e+00
7.7202e+00	2.6620e+01	5.0000e+00
7.7257e+00	2.6600e+01	5.0000e+00
7.7257e+00	2.6600e+01	5.0000e+00
7.7355e+00	2.6565e+01	5.0000e+00
7.7355e+00	2.6565e+01	5.0000e+00
7.7956e+00	2.6346e+01	5.0000e+00
7.7956e+00	2.6346e+01	5.0000e+00
7.8219e+00	2.6250e+01	5.0000e+00
7.8219e+00	2.6250e+01	5.0000e+00
7.8682e+00	2.6082e+01	5.0000e+00
7.8682e+00	2.6082e+01	5.0000e+00
7.8711e+00	2.6071e+01	5.0000e+00
7.8711e+00	2.6071e+01	5.0000e+00
7.9181e+00	2.5900e+01	5.0000e+00
7.9181e+00	2.5900e+01	5.0000e+00
7.9466e+00	2.5797e+01	5.0000e+00
7.9466e+00	2.5797e+01	5.0000e+00
8.0009e+00	2.5599e+01	5.0000e+00
8.0009e+00	2.5599e+01	5.0000e+00
8.0144e+00	2.5550e+01	5.0000e+00
8.0144e+00	2.5550e+01	5.0000e+00
8.0220e+00	2.5522e+01	5.0000e+00
8.0220e+00	2.5522e+01	5.0000e+00
8.0500e+00	2.5420e+01	5.0000e+00
8.0500e+00	2.5420e+01	5.0000e+00
8.0986e+00	2.5249e+01	5.0000e+00
8.0986e+00	2.5249e+01	5.0000e+00
8.1124e+00	2.5200e+01	5.0000e+00
8.1124e+00	2.5200e+01	5.0000e+00
8.1370e+00	2.5113e+01	5.0000e+00
8.1370e+00	2.5113e+01	5.0000e+00
8.1758e+00	2.4976e+01	5.0000e+00
8.1758e+00	2.4976e+01	5.0000e+00
8.2115e+00	2.4850e+01	5.0000e+00
8.2115e+00	2.4850e+01	5.0000e+00
8.2531e+00	2.4703e+01	5.0000e+00
8.2531e+00	2.4703e+01	5.0000e+00
8.2752e+00	2.4625e+01	5.0000e+00
8.2752e+00	2.4625e+01	5.0000e+00
8.3105e+00	2.4500e+01	5.0000e+00
8.3105e+00	2.4500e+01	5.0000e+00
8.3303e+00	2.4430e+01	5.0000e+00
8.3303e+00	2.4430e+01	5.0000e+00
8.4000e+00	2.4184e+01	5.0000e+00
8.4000e+00	2.4184e+01	5.0000e+00
8.4077e+00	2.4158e+01	5.0000e+00
8.4077e+00	2.4158e+01	5.0000e+00
8.4099e+00	2.4150e+01	5.0000e+00
8.4099e+00	2.4150e+01	5.0000e+00
8.4140e+00	2.4136e+01	5.0000e+00
8.4140e+00	2.4136e+01	5.0000e+00
8.4867e+00	2.3887e+01	5.0000e+00
8.4867e+00	2.3887e+01	5.0000e+00
8.5120e+00	2.3800e+01	5.0000e+00
8.5120e+00	2.3800e+01	5.0000e+00
8.5582e+00	2.3642e+01	5.0000e+00
8.5582e+00	2.3642e+01	5.0000e+00
8.5658e+00	2.3616e+01	5.0000e+00
8.5658e+00	2.3616e+01	5.0000e+00
8.6142e+00	2.3450e+01	5.0000e+00
8.6142e+00	2.3450e+01	5.0000e+00
8.6448e+00	2.3345e+01	5.0000e+00
8.6448e+00	2.3345e+01	5.0000e+00
8.7024e+00	2.3148e+01	5.0000e+00
8.7024e+00	2.3148e+01	5.0000e+00
8.7163e+00	2.3100e+01	5.0000e+00
8.7163e+00	2.3100e+01	5.0000e+00
8.7239e+00	2.3074e+01	5.0000e+00
8.7239e+00	2.3074e+01	5.0000e+00
8.7500e+00	2.2984e+01	5.0000e+00
8.7500e+00	2.2984e+01	5.0000e+00
8.8042e+00	2.2804e+01	5.0000e+00
8.8042e+00	2.2804e+01	5.0000e+00
8.8205e+00	2.2750e+01	5.0000e+00
8.8205e+00	2.2750e+01	5.0000e+00
8.8509e+00	2.2649e+01	5.0000e+00
8.8509e+00	2.2649e+01	5.0000e+00
8.8852e+00	2.2535e+01	5.0000e+00
8.8852e+00	2.2535e+01	5.0000e+00
8.9259e+00	2.2400e+01	5.0000e+00
8.9259e+00	2.2400e+01	5.0000e+00
8.9662e+00	2.2266e+01	5.0000e+00
8.9662e+00	2.2266e+01	5.0000e+00
9.0016e+00	2.2148e+01	5.0000e+00
9.0016e+00	2.2148e+01	5.0000e+00
9.0312e+00	2.2050e+01	5.0000e+00
9.0312e+00	2.2050e+01	5.0000e+00
9.0471e+00	2.1997e+01	5.0000e+00
9.0471e+00	2.1997e+01	5.0000e+00
9.1000e+00	2.1822e+01	5.0000e+00
9.1000e+00	2.1822e+01	5.0000e+00
9.1288e+00	2.1729e+01	5.0000e+00
9.1288e+00	2.1729e+01	5.0000e+00
9.1378e+00	2.1700e+01	5.0000e+00
9.1378e+00	2.1700e+01	5.0000e+00
9.1548e+00	2.1645e+01	5.0000e+00
9.1548e+00	2.1645e+01	5.0000e+00
9.2118e+00	2.1462e+01	5.0000e+00
9.2118e+00	2.1462e+01	5.0000e+00
9.2465e+00	2.1350e+01	5.0000e+00
9.2465e+00	2.1350e+01	5.0000e+00
9.2948e+00	2.1195e+01	5.0000e+00
9.2948e+00	2.1195e+01	5.0000e+00
9.3126e+00	2.1137e+01	5.0000e+00
9.3126e+00	2.1137e+01	5.0000e+00
9.3553e+00	2.1000e+01	5.0000e+00
9.3553e+00	2.1000e+01	5.0000e+00
9.3778e+00	2.0928e+01	5.0000e+00
9.3778e+00	2.0928e+01	5.0000e+00
9.4500e+00	2.0695e+01	5.0000e+00
9.4500e+00	2.0695e+01	5.0000e+00
9.4610e+00	2.0661e+01	5.0000e+00
9.4610e+00	2.0661e+01	5.0000e+00
9.4646e+00	2.0650e+01	5.0000e+00
9.4646e+00	2.0650e+01	5.0000e+00
9.4715e+00	2.0629e+01	5.0000e+00
9.4715e+00	2.0629e+01	5.0000e+00
9.5461e+00	2.0396e+01	5.0000e+00
9.5461e+00	2.0396e+01	5.0000e+00
9.5770e+00	2.0300e+01	5.0000e+00
9.5770e+00	2.0300e+01	5.0000e+00
9.6312e+00	2.0131e+01	5.0000e+00
9.6312e+00	2.0131e+01	5.0000e+00
9.6372e+00	2.0113e+01	5.0000e+00
9.6372e+00	2.0113e+01	5.0000e+00
9.6895e+00	1.9950e+01	5.0000e+00
9.6895e+00	1.9950e+01	5.0000e+00
9.7164e+00	1.9866e+01	5.0000e+00
9.7164e+00	1.9866e+01	5.0000e+00
9.8000e+00	1.9606e+01	5.0000e+00
9.8000e+00	1.9606e+01	5.0000e+00
9.8015e+00	1.9601e+01	5.0000e+00
9.8015e+00	1.9601e+01	5.0000e+00
9.8020e+00	1.9600e+01	5.0000e+00
9.8020e+00	1.9600e+01	5.0000e+00
9.8030e+00	1.9597e+01	5.0000e+00
9.8030e+00	1.9597e+01	5.0000e+00
9.8888e+00	1.9339e+01	5.0000e+00
9.8888e+00	1.9339e+01	5.0000e+00
9.9184e+00	1.9250e+01	5.0000e+00
9.9184e+00	1.9250e+01	5.0000e+00
9.9762e+00	1.9076e+01	5.0000e+00
9.9762e+00	1.9076e+01	5.0000e+00
9.9773e+00	1.9073e+01	5.0000e+00
9.9773e+00	1.9073e+01	5.0000e+00
1.0035e+01	1.8900e+01	5.0000e+00
1.0035e+01	1.8900e+01	5.0000e+00
1.0064e+01	1.8814e+01	5.0000e+00
1.0064e+01	1.8814e+01	5.0000e+00
1.0150e+01	1.8553e+01	5.0000e+00
1.0150e+01	1.8553e+01	5.0000e+00
1.0151e+01	1.8551e+01	5.0000e+00
1.0151e+01	1.8551e+01	5.0000e+00
1.0151e+01	1.8550e+01	5.0000e+00
1.0151e+01	1.8550e+01	5.0000e+00
1.0152e+01	1.8548e+01	5.0000e+00
1.0152e+01	1.8548e+01	5.0000e+00
1.0241e+01	1.8291e+01	5.0000e+00
1.0241e+01	1.8291e+01	5.0000e+00
1.0272e+01	1.8200e+01	5.0000e+00
1.0272e+01	1.8200e+01	5.0000e+00
1.0330e+01	1.8030e+01	5.0000e+00
1.0330e+01	1.8030e+01	5.0000e+00
1.0336e+01	1.8014e+01	5.0000e+00
1.0336e+01	1.8014e+01	5.0000e+00
1.0392e+01	1.7850e+01	5.0000e+00
1.0392e+01	1.7850e+01	5.0000e+00
1.0420e+01	1.7770e+01	5.0000e+00
1.0420e+01	1.7770e+01	5.0000e+00
1.0500e+01	1.7538e+01	5.0000e+00
1.0500e+01	1.7538e+01	5.0000e+00
1.0510e+01	1.7510e+01	5.0000e+00
1.0510e+01	1.7510e+01	5.0000e+00
1.0513e+01	1.7500e+01	5.0000e+00
1.0513e+01	1.7500e+01	5.0000e+00
1.0521e+01	1.7479e+01	5.0000e+00
1.0521e+01	1.7479e+01	5.0000e+00
1.0602e+01	1.7252e+01	5.0000e+00
1.0602e+01	1.7252e+01	5.0000e+00
1.0639e+01	1.7150e+01	5.0000e+00
1.0639e+01	1.7150e+01	5.0000e+00
1.0694e+01	1.6994e+01	5.0000e+00
1.0694e+01	1.6994e+01	5.0000e+00
1.0716e+01	1.6934e+01	5.0000e+00
1.0716e+01	1.6934e+01	5.0000e+00
1.0764e+01	1.6800e+01	5.0000e+00
1.0764e+01	1.6800e+01	5.0000e+00
1.0786e+01	1.6736e+01	5.0000e+00
1.0786e+01	1.6736e+01	5.0000e+00
1.0850e+01	1.6558e+01	5.0000e+00
1.0850e+01	1.6558e+01	5.0000e+00
1.0879e+01	1.6479e+01	5.0000e+00
1.0879e+01	1.6479e+01	5.0000e+00
1.0890e+01	1.6450e+01	5.0000e+00
1.0890e+01	1.6450e+01	5.0000e+00
1.0914e+01	1.6386e+01	5.0000e+00
1.0914e+01	1.6386e+01	5.0000e+00
1.0974e+01	1.6224e+01	5.0000e+00
1.0974e+01	1.6224e+01	5.0000e+00
1.1020e+01	1.6100e+01	5.0000e+00
1.1020e+01	1.6100e+01	5.0000e+00
1.1069e+01	1.5969e+01	5.0000e+00
1.1069e+01	1.5969e+01	5.0000e+00
1.1121e+01	1.5829e+01	5.0000e+00
1.1121e+01	1.5829e+01	5.0000e+00
1.1150e+01	1.5750e+01	5.0000e+00
1.1150e+01	1.5750e+01	5.0000e+00
1.1164e+01	1.5714e+01	5.0000e+00
1.1164e+01	1.5714e+01	5.0000e+00
1.1200e+01	1.5616e+01	5.0000e+00
1.1200e+01	1.5616e+01	5.0000e+00
1.1260e+01	1.5460e+01	5.0000e+00
1.1260e+01	1.5460e+01	5.0000e+00
1.1283e+01	1.5400e+01	5.0000e+00
1.1283e+01	1.5400e+01	5.0000e+00
1.1336e+01	1.5264e+01	5.0000e+00
1.1336e+01	1.5264e+01	5.0000e+00
1.1358e+01	1.5208e+01	5.0000e+00
1.1358e+01	1.5208e+01	5.0000e+00
1.1419e+01	1.5050e+01	5.0000e+00
1.1419e+01	1.5050e+01	5.0000e+00
1.1455e+01	1.4955e+01	5.0000e+00
1.1455e+01	1.4955e+01	5.0000e+00
1.1550e+01	1.4710e+01	5.0000e+00
1.1550e+01	1.4710e+01	5.0000e+00
1.1553e+01	1.4703e+01	5.0000e+00
1.1553e+01	1.4703e+01	5.0000e+00
1.1554e+01	1.4700e+01	5.0000e+00
1.1554e+01	1.4700e+01	5.0000e+00
1.1557e+01	1.4693e+01	5.0000e+00
1.1557e+01	1.4693e+01	5.0000e+00
1.1653e+01	1.4453e+01	5.0000e+00
1.1653e+01	1.4453e+01	5.0000e+00
1.1695e+01	1.4350e+01	5.0000e+00
1.1695e+01	1.4350e+01	5.0000e+00
1.1754e+01	1.4204e+01	5.0000e+00
1.1754e+01	1.4204e+01	5.0000e+00
1.1793e+01	1.4107e+01	5.0000e+00
1.1793e+01	1.4107e+01	5.0000e+00
1.1836e+01	1.4000e+01	5.0000e+00
1.1836e+01	1.4000e+01	5.0000e+00
1.1854e+01	1.3954e+01	5.0000e+00
1.1854e+01	1.3954e+01	5.0000e+00
1.1900e+01	1.3842e+01	5.0000e+00
1.1900e+01	1.3842e+01	5.0000e+00
1.1957e+01	1.3707e+01	5.0000e+00
1.1957e+01	1.3707e+01	5.0000e+00
1.1981e+01	1.3650e+01	5.0000e+00
1.1981e+01	1.3650e+01	5.0000e+00
1.2039e+01	1.3511e+01	5.0000e+00
1.2039e+01	1.3511e+01	5.0000e+00
1.2060e+01	1.3460e+01	5.0000e+00
1.2060e+01	1.3460e+01	5.0000e+00
1.2128e+01	1.3300e+01	5.0000e+00
1.2128e+01	1.3300e+01	5.0000e+00
1.2164e+01	1.3214e+01	5.0000e+00
1.2164e+01	1.3214e+01	5.0000e+00
1.2250e+01	1.3009e+01	5.0000e+00
1.2250e+01	1.3009e+01	5.0000e+00
1.2268e+01	1.2968e+01	5.0000e+00
1.2268e+01	1.2968e+01	5.0000e+00
1.2276e+01	1.2950e+01	5.0000e+00
1.2276e+01	1.2950e+01	5.0000e+00
1.2297e+01	1.2903e+01	5.0000e+00
1.2297e+01	1.2903e+01	5.0000e+00
1.2375e+01	1.2725e+01	5.0000e+00
1.2375e+01	1.2725e+01	5.0000e+00
1.2430e+01	1.2600e+01	5.0000e+00
1.2430e+01	1.2600e+01	5.0000e+00
1.2482e+01	1.2482e+01	5.0000e+00
1.2482e+01	1.2482e+01	5.0000e+00
1.2572e+01	1.2278e+01	5.0000e+00
1.2572e+01	1.2278e+01	5.0000e+00
1.2584e+01	1.2250e+01	5.0000e+00
1.2584e+01	1.2250e+01	5.0000e+00
1.2589e+01	1.2239e+01	5.0000e+00
1.2589e+01	1.2239e+01	5.0000e+00
1.2600e+01	1.2214e+01	5.0000e+00
1.2600e+01	1.2214e+01	5.0000e+00
1.2699e+01	1.1999e+01	5.0000e+00
1.2699e+01	1.1999e+01	5.0000e+00
1.2745e+01	1.1900e+01	5.0000e+00
1.2745e+01	1.1900e+01	5.0000e+00
1.2810e+01	1.1760e+01	5.0000e+00
1.2810e+01	1.1760e+01	5.0000e+00
1.2869e+01	1.1631e+01	5.0000e+00
1.2869e+01	1.1631e+01	5.0000e+00
1.2906e+01	1.1550e+01	5.0000e+00
1.2906e+01	1.1550e+01	5.0000e+00
1.2920e+01	1.1520e+01	5.0000e+00
1.2920e+01	1.1520e+01	5.0000e+00
1.2950e+01	1.1455e+01	5.0000e+00
1.2950e+01	1.1455e+01	5.0000e+00
1.3033e+01	1.1283e+01	5.0000e+00
1.3033e+01	1.1283e+01	5.0000e+00
1.3074e+01	1.1200e+01	5.0000e+00
1.3074e+01	1.1200e+01	5.0000e+00
1.3148e+01	1.1048e+01	5.0000e+00
1.3148e+01	1.1048e+01	5.0000e+00
1.3190e+01	1.0960e+01	5.0000e+00
1.3190e+01	1.0960e+01	5.0000e+00
1.3244e+01	1.0850e+01	5.0000e+00
1.3244e+01	1.0850e+01	5.0000e+00
1.3262e+01	1.0812e+01	5.0000e+00
1.3262e+01	1.0812e+01	5.0000e+00
1.3300e+01	1.0734e+01	5.0000e+00
1.3300e+01	1.0734e+01	5.0000e+00
1.3379e+01	1.0579e+01	5.0000e+00
1.3379e+01	1.0579e+01	5.0000e+00
1.3419e+01	1.0500e+01	5.0000e+00
1.3419e+01	1.0500e+01	5.0000e+00
1.3497e+01	1.0347e+01	5.0000e+00
1.3497e+01	1.0347e+01	5.0000e+00
1.3544e+01	1.0256e+01	5.0000e+00
1.3544e+01	1.0256e+01	5.0000e+00
1.3598e+01	1.0150e+01	5.0000e+00
1.3598e+01	1.0150e+01	5.0000e+00
1.3616e+01	1.0116e+01	5.0000e+00
1.3616e+01	1.0116e+01	5.0000e+00
1.3650e+01	1.0048e+01	5.0000e+00
1.3650e+01	1.0048e+01	5.0000e+00
1.3737e+01	9.8871e+00	5.0000e+00
1.3737e+01	9.8871e+00	5.0000e+00
1.3784e+01	9.8000e+00	5.0000e+00
1.3784e+01	9.8000e+00	5.0000e+00
1.3860e+01	9.6598e+00	5.0000e+00
1.3860e+01	9.6598e+00	5.0000e+00
1.3941e+01	9.5087e+00	5.0000e+00
1.3941e+01	9.5087e+00	5.0000e+00
1.3973e+01	9.4500e+00	5.0000e+00
1.3973e+01	9.4500e+00	5.0000e+00
1.3982e+01	9.4325e+00	5.0000e+00
1.3982e+01	9.4325e+00	5.0000e+00
1.4000e+01	9.4000e+00	5.0000e+00
1.4000e+01	9.4000e+00	5.0000e+00
1.4109e+01	9.2092e+00	5.0000e+00
1.4109e+01	9.2092e+00	5.0000e+00
1.4172e+01	9.1000e+00	5.0000e+00
1.4172e+01	9.1000e+00	5.0000e+00
1.4237e+01	8.9866e+00	5.0000e+00
1.4237e+01	8.9866e+00	5.0000e+00
1.4350e+01	8.7884e+00	5.0000e+00
1.4350e+01	8.7884e+00	5.0000e+00
1.4365e+01	8.7645e+00	5.0000e+00
1.4365e+01	8.7645e+00	5.0000e+00
1.4373e+01	8.7500e+00	5.0000e+00
1.4373e+01	8.7500e+00	5.0000e+00
1.4410e+01	8.6903e+00	5.0000e+00
1.4410e+01	8.6903e+00	5.0000e+00
1.4497e+01	8.5470e+00	5.0000e+00
1.4497e+01	8.5470e+00	5.0000e+00
1.4586e+01	8.4000e+00	5.0000e+00
1.4586e+01	8.4000e+00	5.0000e+00
1.4629e+01	8.3294e+00	5.0000e+00
1.4629e+01	8.3294e+00	5.0000e+00
1.4700e+01	8.2135e+00	5.0000e+00
1.4700e+01	8.2135e+00	5.0000e+00
1.4764e+01	8.1144e+00	5.0000e+00
1.4764e+01	8.1144e+00	5.0000e+00
1.4806e+01	8.0500e+00	5.0000e+00
1.4806e+01	8.0500e+00	5.0000e+00
1.4902e+01	7.9024e+00	5.0000e+00
1.4902e+01	7.9024e+00	5.0000e+00
1.5004e+01	7.7458e+00	5.0000e+00
1.5004e+01	7.7458e+00	5.0000e+00
1.5034e+01	7.7000e+00	5.0000e+00
1.5034e+01	7.7000e+00	5.0000e+00
1.5040e+01	7.6903e+00	5.0000e+00
1.5040e+01	7.6903e+00	5.0000e+00
1.5050e+01	7.6754e+00	5.0000e+00
1.5050e+01	7.6754e+00	5.0000e+00
1.5184e+01	7.4838e+00	5.0000e+00
1.5184e+01	7.4838e+00	5.0000e+00
1.5277e+01	7.3500e+00	5.0000e+00
1.5277e+01	7.3500e+00	5.0000e+00
1.5328e+01	7.2776e+00	5.0000e+00
1.5328e+01	7.2776e+00	5.0000e+00
1.5400e+01	7.1740e+00	5.0000e+00
1.5400e+01	7.1740e+00	5.0000e+00
1.5475e+01	7.0748e+00	5.0000e+00
1.5475e+01	7.0748e+00	5.0000e+00
1.5531e+01	7.0000e+00	5.0000e+00
1.5531e+01	7.0000e+00	5.0000e+00
1.5625e+01	6.8751e+00	5.0000e+00
1.5625e+01	6.8751e+00	5.0000e+00
1.5750e+01	6.7094e+00	5.0000e+00
1.5750e+01	6.7094e+00	5.0000e+00
1.5777e+01	6.6767e+00	5.0000e+00
1.5777e+01	6.6767e+00	5.0000e+00
1.5799e+01	6.6500e+00	5.0000e+00
1.5799e+01	6.6500e+00	5.0000e+00
1.5934e+01	6.4842e+00	5.0000e+00
1.5934e+01	6.4842e+00	5.0000e+00
1.6017e+01	6.3831e+00	5.0000e+00
1.6017e+01	6.3831e+00	5.0000e+00
1.6085e+01	6.3000e+00	5.0000e+00
1.6085e+01	6.3000e+00	5.0000e+00
1.6092e+01	6.2917e+00	5.0000e+00
1.6092e+01	6.2917e+00	5.0000e+00
1.6100e+01	6.2815e+00	5.0000e+00
1.6100e+01	6.2815e+00	5.0000e+00
1.6257e+01	6.1066e+00	5.0000e+00
1.6257e+01	6.1066e+00	5.0000e+00
1.6397e+01	5.9500e+00	5.0000e+00
1.6397e+01	5.9500e+00	5.0000e+00
1.6422e+01	5.9218e+00	5.0000e+00
1.6422e+01	5.9218e+00	5.0000e+00
1.6450e+01	5.8904e+00	5.0000e+00
1.6450e+01	5.8904e+00	5.0000e+00
1.6594e+01	5.7443e+00	5.0000e+00
1.6594e+01	5.7443e+00	5.0000e+00
1.6737e+01	5.6000e+00	5.0000e+00
1.6737e+01	5.6000e+00	5.0000e+00
1.6768e+01	5.5682e+00	5.0000e+00
1.6768e+01	5.5682e+00	5.0000e+00
1.6800e+01	5.5360e+00	5.0000e+00
1.6800e+01	5.5360e+00	5.0000e+00
1.6950e+01	5.3999e+00	5.0000e+00
1.6950e+01	5.3999e+00	5.0000e+00
1.7115e+01	5.2500e+00	5.0000e+00
1.7115e+01	5.2500e+00	5.0000e+00
1.7133e+01	5.2334e+00	5.0000e+00
1.7133e+01	5.2334e+00	5.0000e+00
1.7150e+01	5.2184e+00	5.0000e+00
1.7150e+01	5.2184e+00	5.0000e+00
1.7310e+01	5.0899e+00	5.0000e+00
1.7310e+01	5.0899e+00	5.0000e+00
1.7327e+01	5.0766e+00	5.0000e+00
1.7327e+01	5.0766e+00	5.0000e+00
1.7500e+01	4.9375e+00	5.0000e+00
1.7500e+01	4.9375e+00	5.0000e+00
1.7522e+01	4.9221e+00	5.0000e+00
1.7522e+01	4.9221e+00	5.0000e+00
1.7554e+01	4.9000e+00	5.0000e+00
1.7554e+01	4.9000e+00	5.0000e+00
1.7728e+01	4.7783e+00	5.0000e+00
1.7728e+01	4.7783e+00	5.0000e+00
1.7850e+01	4.6934e+00	5.0000e+00
1.7850e+01	4.6934e+00	5.0000e+00
1.7940e+01	4.6400e+00	5.0000e+00
1.7940e+01	4.6400e+00	5.0000e+00
1.8092e+01	4.5500e+00	5.0000e+00
1.8092e+01	4.5500e+00	5.0000e+00
1.8160e+01	4.5098e+00	5.0000e+00
1.8160e+01	4.5098e+00	5.0000e+00
1.8200e+01	4.4860e+00	5.0000e+00
1.8200e+01	4.4860e+00	5.0000e+00
1.8325e+01	4.4251e+00	5.0000e+00
1.8325e+01	4.4251e+00	5.0000e+00
1.8392e+01	4.3923e+00	5.0000e+00
1.8392e+01	4.3923e+00	5.0000e+00
1.8550e+01	4.3154e+00	5.0000e+00
1.8550e+01	4.3154e+00	5.0000e+00
1.8633e+01	4.2835e+00	5.0000e+00
1.8633e+01	4.2835e+00	5.0000e+00
1.8852e+01	4.2000e+00	5.0000e+00
1.8852e+01	4.2000e+00	5.0000e+00
1.8887e+01	4.1866e+00	5.0000e+00
1.8887e+01	4.1866e+00	5.0000e+00
1.8900e+01	4.1815e+00	5.0000e+00
1.8900e+01	4.1815e+00	5.0000e+00
1.8926e+01	4.1744e+00	5.0000e+00
1.8926e+01	4.1744e+00	5.0000e+00
1.9159e+01	4.1095e+00	5.0000e+00
1.9159e+01	4.1095e+00	5.0000e+00
1.9250e+01	4.0844e+00	5.0000e+00
1.9250e+01	4.0844e+00	5.0000e+00
1.9390e+01	4.0603e+00	5.0000e+00
1.9390e+01	4.0603e+00	5.0000e+00
1.9450e+01	4.0499e+00	5.0000e+00
1.9450e+01	4.0499e+00	5.0000e+00
1.9600e+01	4.0240e+00	5.0000e+00
1.9600e+01	4.0240e+00	5.0000e+00
1.9763e+01	4.0130e+00	5.0000e+00
1.9763e+01	4.0130e+00	5.0000e+00
1.9789e+01	4.0113e+00	5.0000e+00
1.9789e+01	4.0113e+00	5.0000e+00
1.9950e+01	4.0004e+00	5.0000e+00
1.9950e+01	4.0004e+00	5.0000e+00
2.0106e+01	4.0062e+00	5.0000e+00
2.0106e+01	4.0062e+00	5.0000e+00
2.0142e+01	4.0076e+00	5.0000e+00
2.0142e+01	4.0076e+00	5.0000e+00
2.0300e+01	4.0135e+00	5.0000e+00
2.0300e+01	4.0135e+00	5.0000e+00
2.0463e+01	4.0368e+00	5.0000e+00
2.0463e+01	4.0368e+00	5.0000e+00
2.0491e+01	4.0407e+00	5.0000e+00
2.0491e+01	4.0407e+00	5.0000e+00
2.0650e+01	4.0634e+00	5.0000e+00
2.0650e+01	4.0634e+00	5.0000e+00
2.0760e+01	4.0905e+00	5.0000e+00
2.0760e+01	4.0905e+00	5.0000e+00
2.0934e+01	4.1336e+00	5.0000e+00
2.0934e+01	4.1336e+00	5.0000e+00
2.1000e+01	4.1500e+00	5.0000e+00
2.1000e+01	4.1500e+00	5.0000e+00
2.1037e+01	4.1630e+00	5.0000e+00
2.1037e+01	4.1630e+00	5.0000e+00
2.1142e+01	4.2000e+00	5.0000e+00
2.1142e+01	4.2000e+00	5.0000e+00
2.1296e+01	4.2543e+00	5.0000e+00
2.1296e+01	4.2543e+00	5.0000e+00
2.1350e+01	4.2734e+00	5.0000e+00
2.1350e+01	4.2734e+00	5.0000e+00
2.1485e+01	4.3353e+00	5.0000e+00
2.1485e+01	4.3353e+00	5.0000e+00
2.1540e+01	4.3602e+00	5.0000e+00
2.1540e+01	4.3602e+00	5.0000e+00
2.1700e+01	4.4335e+00	5.0000e+00
2.1700e+01	4.4335e+00	5.0000e+00
2.1775e+01	4.4754e+00	5.0000e+00
2.1775e+01	4.4754e+00	5.0000e+00
2.1907e+01	4.5500e+00	5.0000e+00
2.1907e+01	4.5500e+00	5.0000e+00
2.1999e+01	4.6014e+00	5.0000e+00
2.1999e+01	4.6014e+00	5.0000e+00
2.2050e+01	4.6304e+00	5.0000e+00
2.2050e+01	4.6304e+00	5.0000e+00
2.2212e+01	4.7383e+00	5.0000e+00
2.2212e+01	4.7383e+00	5.0000e+00
2.2292e+01	4.7917e+00	5.0000e+00
2.2292e+01	4.7917e+00	5.0000e+00
2.2400e+01	4.8640e+00	5.0000e+00
2.2400e+01	4.8640e+00	5.0000e+00
2.2420e+01	4.8797e+00	5.0000e+00
2.2420e+01	4.8797e+00	5.0000e+00
2.2447e+01	4.9000e+00	5.0000e+00
2.2447e+01	4.9000e+00	5.0000e+00
2.2618e+01	5.0322e+00	5.0000e+00
2.2618e+01	5.0322e+00	5.0000e+00
2.2750e+01	5.1344e+00	5.0000e+00
2.2750e+01	5.1344e+00	5.0000e+00
2.2812e+01	5.1884e+00	5.0000e+00
2.2812e+01	5.1884e+00	5.0000e+00
2.2882e+01	5.2500e+00	5.0000e+00
2.2882e+01	5.2500e+00	5.0000e+00
2.2998e+01	5.3520e+00	5.0000e+00
2.2998e+01	5.3520e+00	5.0000e+00
2.3100e+01	5.4415e+00	5.0000e+00
2.3100e+01	5.4415e+00	5.0000e+00
2.3180e+01	5.5201e+00	5.0000e+00
2.3180e+01	5.5201e+00	5.0000e+00
2.3261e+01	5.6000e+00	5.0000e+00
2.3261e+01	5.6000e+00	5.0000e+00
2.3356e+01	5.6935e+00	5.0000e+00
2.3356e+01	5.6935e+00	5.0000e+00
2.3450e+01	5.7854e+00	5.0000e+00
2.3450e+01	5.7854e+00	5.0000e+00
2.3529e+01	5.8711e+00	5.0000e+00
2.3529e+01	5.8711e+00	5.0000e+00
2.3601e+01	5.9500e+00	5.0000e+00
2.3601e+01	5.9500e+00	5.0000e+00
2.3697e+01	6.0535e+00	5.0000e+00
2.3697e+01	6.0535e+00	5.0000e+00
2.3800e+01	6.1660e+00	5.0000e+00
2.3800e+01	6.1660e+00	5.0000e+00
2.3861e+01	6.2389e+00	5.0000e+00
2.3861e+01	6.2389e+00	5.0000e+00
2.3912e+01	6.3000e+00	5.0000e+00
2.3912e+01	6.3000e+00	5.0000e+00
2.4021e+01	6.4292e+00	5.0000e+00
2.4021e+01	6.4292e+00	5.0000e+00
2.4150e+01	6.5834e+00	5.0000e+00
2.4150e+01	6.5834e+00	5.0000e+00
2.4179e+01	6.6210e+00	5.0000e+00
2.4179e+01	6.6210e+00	5.0000e+00
2.4201e+01	6.6500e+00	5.0000e+00
2.4201e+01	6.6500e+00	5.0000e+00
2.4331e+01	6.8187e+00	5.0000e+00
2.4331e+01	6.8187e+00	5.0000e+00
2.4374e+01	6.8739e+00	5.0000e+00
2.4374e+01	6.8739e+00	5.0000e+00
2.4471e+01	7.0000e+00	5.0000e+00
2.4471e+01	7.0000e+00	5.0000e+00
2.4484e+01	7.0163e+00	5.0000e+00
2.4484e+01	7.0163e+00	5.0000e+00
2.4500e+01	7.0375e+00	5.0000e+00
2.4500e+01	7.0375e+00	5.0000e+00
2.4630e+01	7.2199e+00	5.0000e+00
2.4630e+01	7.2199e+00	5.0000e+00
2.4723e+01	7.3500e+00	5.0000e+00
2.4723e+01	7.3500e+00	5.0000e+00
2.4776e+01	7.4242e+00	5.0000e+00
2.4776e+01	7.4242e+00	5.0000e+00
2.4850e+01	7.5284e+00	5.0000e+00
2.4850e+01	7.5284e+00	5.0000e+00
2.4918e+01	7.6316e+00	5.0000e+00
2.4918e+01	7.6316e+00	5.0000e+00
2.4964e+01	7.7000e+00	5.0000e+00
2.4964e+01	7.7000e+00	5.0000e+00
2.5058e+01	7.8420e+00	5.0000e+00
2.5058e+01	7.8420e+00	5.0000e+00
2.5188e+01	8.0382e+00	5.0000e+00
2.5188e+01	8.0382e+00	5.0000e+00
2.5196e+01	8.0500e+00	5.0000e+00
2.5196e+01	8.0500e+00	5.0000e+00
2.5198e+01	8.0524e+00	5.0000e+00
2.5198e+01	8.0524e+00	5.0000e+00
2.5200e+01	8.0560e+00	5.0000e+00
2.5200e+01	8.0560e+00	5.0000e+00
2.5332e+01	8.2683e+00	5.0000e+00
2.5332e+01	8.2683e+00	5.0000e+00
2.5413e+01	8.4000e+00	5.0000e+00
2.5413e+01	8.4000e+00	5.0000e+00
2.5466e+01	8.4844e+00	5.0000e+00
2.5466e+01	8.4844e+00	5.0000e+00
2.5550e+01	8.6204e+00	5.0000e+00
2.5550e+01	8.6204e+00	5.0000e+00
2.5598e+01	8.7023e+00	5.0000e+00
2.5598e+01	8.7023e+00	5.0000e+00
2.5625e+01	8.7500e+00	5.0000e+00
2.5625e+01	8.7500e+00	5.0000e+00
2.5726e+01	8.9235e+00	5.0000e+00
2.5726e+01	8.9235e+00	5.0000e+00
2.5731e+01	8.9307e+00	5.0000e+00
2.5731e+01	8.9307e+00	5.0000e+00
2.5829e+01	9.1000e+00	5.0000e+00
2.5829e+01	9.1000e+00	5.0000e+00
2.5855e+01	9.1447e+00	5.0000e+00
2.5855e+01	9.1447e+00	5.0000e+00
2.5900e+01	9.2215e+00	5.0000e+00
2.5900e+01	9.2215e+00	5.0000e+00
2.5981e+01	9.3690e+00	5.0000e+00
2.5981e+01	9.3690e+00	5.0000e+00
2.6025e+01	9.4500e+00	5.0000e+00
2.6025e+01	9.4500e+00	5.0000e+00
2.6105e+01	9.5950e+00	5.0000e+00
2.6105e+01	9.5950e+00	5.0000e+00
2.6178e+01	9.7278e+00	5.0000e+00
2.6178e+01	9.7278e+00	5.0000e+00
2.6217e+01	9.8000e+00	5.0000e+00
2.6217e+01	9.8000e+00	5.0000e+00
2.6229e+01	9.8210e+00	5.0000e+00
2.6229e+01	9.8210e+00	5.0000e+00
2.6250e+01	9.8594e+00	5.0000e+00
2.6250e+01	9.8594e+00	5.0000e+00
2.6349e+01	1.0051e+01	5.0000e+00
2.6349e+01	1.0051e+01	5.0000e+00
2.6401e+01	1.0150e+01	5.0000e+00
2.6401e+01	1.0150e+01	5.0000e+00
2.6469e+01	1.0281e+01	5.0000e+00
2.6469e+01	1.0281e+01	5.0000e+00
2.6563e+01	1.0463e+01	5.0000e+00
2.6563e+01	1.0463e+01	5.0000e+00
2.6582e+01	1.0500e+01	5.0000e+00
2.6582e+01	1.0500e+01	5.0000e+00
2.6588e+01	1.0512e+01	5.0000e+00
2.6588e+01	1.0512e+01	5.0000e+00
2.6600e+01	1.0534e+01	5.0000e+00
2.6600e+01	1.0534e+01	5.0000e+00
2.6704e+01	1.0746e+01	5.0000e+00
2.6704e+01	1.0746e+01	5.0000e+00
2.6755e+01	1.0850e+01	5.0000e+00
2.6755e+01	1.0850e+01	5.0000e+00
2.6820e+01	1.0980e+01	5.0000e+00
2.6820e+01	1.0980e+01	5.0000e+00
2.6906e+01	1.1156e+01	5.0000e+00
2.6906e+01	1.1156e+01	5.0000e+00
2.6928e+01	1.1200e+01	5.0000e+00
2.6928e+01	1.1200e+01	5.0000e+00
2.6935e+01	1.1215e+01	5.0000e+00
2.6935e+01	1.1215e+01	5.0000e+00
2.6950e+01	1.1245e+01	5.0000e+00
2.6950e+01	1.1245e+01	5.0000e+00
2.7047e+01	1.1453e+01	5.0000e+00
2.7047e+01	1.1453e+01	5.0000e+00
2.7093e+01	1.1550e+01	5.0000e+00
2.7093e+01	1.1550e+01	5.0000e+00
2.7159e+01	1.1691e+01	5.0000e+00
2.7159e+01	1.1691e+01	5.0000e+00
2.7218e+01	1.1818e+01	5.0000e+00
2.7218e+01	1.1818e+01	5.0000e+00
2.7256e+01	1.1900e+01	5.0000e+00
2.7256e+01	1.1900e+01	5.0000e+00
2.7270e+01	1.1930e+01	5.0000e+00
2.7270e+01	1.1930e+01	5.0000e+00
2.7300e+01	1.1993e+01	5.0000e+00
2.7300e+01	1.1993e+01	5.0000e+00
2.7379e+01	1.2171e+01	5.0000e+00
2.7379e+01	1.2171e+01	5.0000e+00
2.7414e+01	1.2250e+01	5.0000e+00
2.7414e+01	1.2250e+01	5.0000e+00
2.7487e+01	1.2413e+01	5.0000e+00
2.7487e+01	1.2413e+01	5.0000e+00
2.7506e+01	1.2456e+01	5.0000e+00
2.7506e+01	1.2456e+01	5.0000e+00
2.7570e+01	1.2600e+01	5.0000e+00
2.7570e+01	1.2600e+01	5.0000e+00
2.7595e+01	1.2655e+01	5.0000e+00
2.7595e+01	1.2655e+01	5.0000e+00
2.7650e+01	1.2778e+01	5.0000e+00
2.7650e+01	1.2778e+01	5.0000e+00
2.7701e+01	1.2899e+01	5.0000e+00
2.7701e+01	1.2899e+01	5.0000e+00
2.7723e+01	1.2950e+01	5.0000e+00
2.7723e+01	1.2950e+01	5.0000e+00
2.7777e+01	1.3077e+01	5.0000e+00
2.7777e+01	1.3077e+01	5.0000e+00
2.7806e+01	1.3144e+01	5.0000e+00
2.7806e+01	1.3144e+01	5.0000e+00
2.7872e+01	1.3300e+01	5.0000e+00
2.7872e+01	1.3300e+01	5.0000e+00
2.7910e+01	1.3390e+01	5.0000e+00
2.7910e+01	1.3390e+01	5.0000e+00
2.8000e+01	1.3600e+01	5.0000e+00
2.8000e+01	1.3600e+01	5.0000e+00
2.8014e+01	1.3636e+01	5.0000e+00
2.8014e+01	1.3636e+01	5.0000e+00
2.8020e+01	1.3650e+01	5.0000e+00
2.8020e+01	1.3650e+01	5.0000e+00
2.8034e+01	1.3684e+01	5.0000e+00
2.8034e+01	1.3684e+01	5.0000e+00
2.8116e+01	1.3884e+01	5.0000e+00
2.8116e+01	1.3884e+01	5.0000e+00
2.8163e+01	1.4000e+01	5.0000e+00
2.8163e+01	1.4000e+01	5.0000e+00
2.8217e+01	1.4133e+01	5.0000e+00
2.8217e+01	1.4133e+01	5.0000e+00
2.8275e+01	1.4275e+01	5.0000e+00
2.8275e+01	1.4275e+01	5.0000e+00
2.8306e+01	1.4350e+01	5.0000e+00
2.8306e+01	1.4350e+01	5.0000e+00
2.8319e+01	1.4381e+01	5.0000e+00
2.8319e+01	1.4381e+01	5.0000e+00
2.8350e+01	1.4458e+01	5.0000e+00
2.8350e+01	1.4458e+01	5.0000e+00
2.8418e+01	1.4632e+01	5.0000e+00
2.8418e+01	1.4632e+01	5.0000e+00
2.8444e+01	1.4700e+01	5.0000e+00
2.8444e+01	1.4700e+01	5.0000e+00
2.8505e+01	1.4855e+01	5.0000e+00
2.8505e+01	1.4855e+01	5.0000e+00
2.8516e+01	1.4884e+01	5.0000e+00
2.8516e+01	1.4884e+01	5.0000e+00
2.8581e+01	1.5050e+01	5.0000e+00
2.8581e+01	1.5050e+01	5.0000e+00
2.8615e+01	1.5135e+01	5.0000e+00
2.8615e+01	1.5135e+01	5.0000e+00
2.8700e+01	1.5353e+01	5.0000e+00
2.8700e+01	1.5353e+01	5.0000e+00
2.8713e+01	1.5387e+01	5.0000e+00
2.8713e+01	1.5387e+01	5.0000e+00
2.8717e+01	1.5400e+01	5.0000e+00
2.8717e+01	1.5400e+01	5.0000e+00
2.8728e+01	1.5428e+01	5.0000e+00
2.8728e+01	1.5428e+01	5.0000e+00
2.8808e+01	1.5642e+01	5.0000e+00
2.8808e+01	1.5642e+01	5.0000e+00
2.8849e+01	1.5750e+01	5.0000e+00
2.8849e+01	1.5750e+01	5.0000e+00
2.8904e+01	1.5896e+01	5.0000e+00
2.8904e+01	1.5896e+01	5.0000e+00
2.8938e+01	1.5988e+01	5.0000e+00
2.8938e+01	1.5988e+01	5.0000e+00
2.8980e+01	1.6100e+01	5.0000e+00
2.8980e+01	1.6100e+01	5.0000e+00
2.8999e+01	1.6151e+01	5.0000e+00
2.8999e+01	1.6151e+01	5.0000e+00
2.9050e+01	1.6285e+01	5.0000e+00
2.9050e+01	1.6285e+01	5.0000e+00
2.9094e+01	1.6406e+01	5.0000e+00
2.9094e+01	1.6406e+01	5.0000e+00
2.9109e+01	1.6450e+01	5.0000e+00
2.9109e+01	1.6450e+01	5.0000e+00
2.9143e+01	1.6543e+01	5.0000e+00
2.9143e+01	1.6543e+01	5.0000e+00
2.9187e+01	1.6663e+01	5.0000e+00
2.9187e+01	1.6663e+01	5.0000e+00
2.9236e+01	1.6800e+01	5.0000e+00
2.9236e+01	1.6800e+01	5.0000e+00
2.9279e+01	1.6921e+01	5.0000e+00
2.9279e+01	1.6921e+01	5.0000e+00
2.9341e+01	1.7091e+01	5.0000e+00
2.9341e+01	1.7091e+01	5.0000e+00
2.9362e+01	1.7150e+01	5.0000e+00
2.9362e+01	1.7150e+01	5.0000e+00
2.9372e+01	1.7178e+01	5.0000e+00
2.9372e+01	1.7178e+01	5.0000e+00
2.9400e+01	1.7254e+01	5.0000e+00
2.9400e+01	1.7254e+01	5.0000e+00
2.9464e+01	1.7436e+01	5.0000e+00
2.9464e+01	1.7436e+01	5.0000e+00
2.9486e+01	1.7500e+01	5.0000e+00
2.9486e+01	1.7500e+01	5.0000e+00
2.9531e+01	1.7631e+01	5.0000e+00
2.9531e+01	1.7631e+01	5.0000e+00
2.9554e+01	1.7696e+01	5.0000e+00
2.9554e+01	1.7696e+01	5.0000e+00
2.9607e+01	1.7850e+01	5.0000e+00
2.9607e+01	1.7850e+01	5.0000e+00
2.9644e+01	1.7956e+01	5.0000e+00
2.9644e+01	1.7956e+01	5.0000e+00
2.9718e+01	1.8168e+01	5.0000e+00
2.9718e+01	1.8168e+01	5.0000e+00
2.9729e+01	1.8200e+01	5.0000e+00
2.9729e+01	1.8200e+01	5.0000e+00
2.9735e+01	1.8215e+01	5.0000e+00
2.9735e+01	1.8215e+01	5.0000e+00
2.9750e+01	1.8259e+01	5.0000e+00
2.9750e+01	1.8259e+01	5.0000e+00
2.9823e+01	1.8477e+01	5.0000e+00
2.9823e+01	1.8477e+01	5.0000e+00
2.9848e+01	1.8550e+01	5.0000e+00
2.9848e+01	1.8550e+01	5.0000e+00
2.9897e+01	1.8697e+01	5.0000e+00
2.9897e+01	1.8697e+01	5.0000e+00
2.9911e+01	1.8739e+01	5.0000e+00
2.9911e+01	1.8739e+01	5.0000e+00
2.9965e+01	1.8900e+01	5.0000e+00
2.9965e+01	1.8900e+01	5.0000e+00
2.9999e+01	1.9001e+01	5.0000e+00
2.9999e+01	1.9001e+01	5.0000e+00
3.0074e+01	1.9224e+01	5.0000e+00
3.0074e+01	1.9224e+01	5.0000e+00
3.0083e+01	1.9250e+01	5.0000e+00
3.0083e+01	1.9250e+01	5.0000e+00
3.0087e+01	1.9263e+01	5.0000e+00
3.0087e+01	1.9263e+01	5.0000e+00
3.0100e+01	1.9301e+01	5.0000e+00
3.0100e+01	1.9301e+01	5.0000e+00
3.0173e+01	1.9527e+01	5.0000e+00
3.0173e+01	1.9527e+01	5.0000e+00
3.0197e+01	1.9600e+01	5.0000e+00
3.0197e+01	1.9600e+01	5.0000e+00
3.0243e+01	1.9743e+01	5.0000e+00
3.0243e+01	1.9743e+01	5.0000e+00
3.0259e+01	1.9791e+01	5.0000e+00
3.0259e+01	1.9791e+01	5.0000e+00
3.0310e+01	1.9950e+01	5.0000e+00
3.0310e+01	1.9950e+01	5.0000e+00
3.0345e+01	2.0055e+01	5.0000e+00
3.0345e+01	2.0055e+01	5.0000e+00
3.0411e+01	2.0261e+01	5.0000e+00
3.0411e+01	2.0261e+01	5.0000e+00
3.0424e+01	2.0300e+01	5.0000e+00
3.0424e+01	2.0300e+01	5.0000e+00
3.0430e+01	2.0320e+01	5.0000e+00
3.0430e+01	2.0320e+01	5.0000e+00
3.0450e+01	2.0380e+01	5.0000e+00
3.0450e+01	2.0380e+01	5.0000e+00
3.0514e+01	2.0586e+01	5.0000e+00
3.0514e+01	2.0586e+01	5.0000e+00
3.0535e+01	2.0650e+01	5.0000e+00
3.0535e+01	2.0650e+01	5.0000e+00
3.0573e+01	2.0773e+01	5.0000e+00
3.0573e+01	2.0773e+01	5.0000e+00
3.0598e+01	2.0852e+01	5.0000e+00
3.0598e+01	2.0852e+01	5.0000e+00
3.0644e+01	2.1000e+01	5.0000e+00
3.0644e+01	2.1000e+01	5.0000e+00
3.0682e+01	2.1118e+01	5.0000e+00
3.0682e+01	2.1118e+01	5.0000e+00
3.0733e+01	2.1283e+01	5.0000e+00
3.0733e+01	2.1283e+01	5.0000e+00
3.0754e+01	2.1350e+01	5.0000e+00
3.0754e+01	2.1350e+01	5.0000e+00
3.0765e+01	2.1385e+01	5.0000e+00
3.0765e+01	2.1385e+01	5.0000e+00
3.0800e+01	2.1496e+01	5.0000e+00
3.0800e+01	2.1496e+01	5.0000e+00
3.0848e+01	2.1652e+01	5.0000e+00
3.0848e+01	2.1652e+01	5.0000e+00
3.0862e+01	2.1700e+01	5.0000e+00
3.0862e+01	2.1700e+01	5.0000e+00
3.0889e+01	2.1789e+01	5.0000e+00
3.0889e+01	2.1789e+01	5.0000e+00
3.0929e+01	2.1921e+01	5.0000e+00
3.0929e+01	2.1921e+01	5.0000e+00
3.0968e+01	2.2050e+01	5.0000e+00
3.0968e+01	2.2050e+01	5.0000e+00
3.1011e+01	2.2189e+01	5.0000e+00
3.1011e+01	2.2189e+01	5.0000e+00
3.1042e+01	2.2292e+01	5.0000e+00
3.1042e+01	2.2292e+01	5.0000e+00
3.1075e+01	2.2400e+01	5.0000e+00
3.1075e+01	2.2400e+01	5.0000e+00
3.1092e+01	2.2458e+01	5.0000e+00
3.1092e+01	2.2458e+01	5.0000e+00
3.1150e+01	2.2648e+01	5.0000e+00
3.1150e+01	2.2648e+01	5.0000e+00
3.1173e+01	2.2727e+01	5.0000e+00
3.1173e+01	2.2727e+01	5.0000e+00
3.1180e+01	2.2750e+01	5.0000e+00
3.1180e+01	2.2750e+01	5.0000e+00
3.1192e+01	2.2792e+01	5.0000e+00
3.1192e+01	2.2792e+01	5.0000e+00
3.1253e+01	2.2997e+01	5.0000e+00
3.1253e+01	2.2997e+01	5.0000e+00
3.1283e+01	2.3100e+01	5.0000e+00
3.1283e+01	2.3100e+01	5.0000e+00
3.1332e+01	2.3268e+01	5.0000e+00
3.1332e+01	2.3268e+01	5.0000e+00
3.1338e+01	2.3288e+01	5.0000e+00
3.1338e+01	2.3288e+01	5.0000e+00
3.1386e+01	2.3450e+01	5.0000e+00
3.1386e+01	2.3450e+01	5.0000e+00
3.1412e+01	2.3538e+01	5.0000e+00
3.1412e+01	2.3538e+01	5.0000e+00
3.1484e+01	2.3784e+01	5.0000e+00
3.1484e+01	2.3784e+01	5.0000e+00
3.1489e+01	2.3800e+01	5.0000e+00
3.1489e+01	2.3800e+01	5.0000e+00
3.1491e+01	2.3809e+01	5.0000e+00
3.1491e+01	2.3809e+01	5.0000e+00
3.1500e+01	2.3837e+01	5.0000e+00
3.1500e+01	2.3837e+01	5.0000e+00
3.1569e+01	2.4081e+01	5.0000e+00
3.1569e+01	2.4081e+01	5.0000e+00
3.1589e+01	2.4150e+01	5.0000e+00
3.1589e+01	2.4150e+01	5.0000e+00
3.1625e+01	2.4275e+01	5.0000e+00
3.1625e+01	2.4275e+01	5.0000e+00
3.1647e+01	2.4353e+01	5.0000e+00
3.1647e+01	2.4353e+01	5.0000e+00
3.1689e+01	2.4500e+01	5.0000e+00
3.1689e+01	2.4500e+01	5.0000e+00
3.1725e+01	2.4625e+01	5.0000e+00
3.1725e+01	2.4625e+01	5.0000e+00
3.1765e+01	2.4765e+01	5.0000e+00
3.1765e+01	2.4765e+01	5.0000e+00
3.1789e+01	2.4850e+01	5.0000e+00
3.1789e+01	2.4850e+01	5.0000e+00
3.1803e+01	2.4897e+01	5.0000e+00
3.1803e+01	2.4897e+01	5.0000e+00
3.1850e+01	2.5063e+01	5.0000e+00
3.1850e+01	2.5063e+01	5.0000e+00
3.1880e+01	2.5170e+01	5.0000e+00
3.1880e+01	2.5170e+01	5.0000e+00
3.1888e+01	2.5200e+01	5.0000e+00
3.1888e+01	2.5200e+01	5.0000e+00
3.1902e+01	2.5252e+01	5.0000e+00
3.1902e+01	2.5252e+01	5.0000e+00
3.1956e+01	2.5444e+01	5.0000e+00
3.1956e+01	2.5444e+01	5.0000e+00
3.1985e+01	2.5550e+01	5.0000e+00
3.1985e+01	2.5550e+01	5.0000e+00
3.2032e+01	2.5718e+01	5.0000e+00
3.2032e+01	2.5718e+01	5.0000e+00
3.2037e+01	2.5737e+01	5.0000e+00
3.2037e+01	2.5737e+01	5.0000e+00
3.2082e+01	2.5900e+01	5.0000e+00
3.2082e+01	2.5900e+01	5.0000e+00
3.2108e+01	2.5992e+01	5.0000e+00
3.2108e+01	2.5992e+01	5.0000e+00
3.2171e+01	2.6221e+01	5.0000e+00
3.2171e+01	2.6221e+01	5.0000e+00
3.2179e+01	2.6250e+01	5.0000e+00
3.2179e+01	2.6250e+01	5.0000e+00
3.2184e+01	2.6266e+01	5.0000e+00
3.2184e+01	2.6266e+01	5.0000e+00
3.2200e+01	2.6326e+01	5.0000e+00
3.2200e+01	2.6326e+01	5.0000e+00
3.2258e+01	2.6542e+01	5.0000e+00
3.2258e+01	2.6542e+01	5.0000e+00
3.2274e+01	2.6600e+01	5.0000e+00
3.2274e+01	2.6600e+01	5.0000e+00
3.2301e+01	2.6701e+01	5.0000e+00
3.2301e+01	2.6701e+01	5.0000e+00
3.2332e+01	2.6818e+01	5.0000e+00
3.2332e+01	2.6818e+01	5.0000e+00
3.2368e+01	2.6950e+01	5.0000e+00
3.2368e+01	2.6950e+01	5.0000e+00
3.2407e+01	2.7093e+01	5.0000e+00
3.2407e+01	2.7093e+01	5.0000e+00
3.2430e+01	2.7180e+01	5.0000e+00
3.2430e+01	2.7180e+01	5.0000e+00
3.2462e+01	2.7300e+01	5.0000e+00
3.2462e+01	2.7300e+01	5.0000e+00
3.2481e+01	2.7369e+01	5.0000e+00
3.2481e+01	2.7369e+01	5.0000e+00
3.2550e+01	2.7625e+01	5.0000e+00
3.2550e+01	2.7625e+01	5.0000e+00
3.2555e+01	2.7645e+01	5.0000e+00
3.2555e+01	2.7645e+01	5.0000e+00
3.2556e+01	2.7650e+01	5.0000e+00
3.2556e+01	2.7650e+01	5.0000e+00
3.2559e+01	2.7659e+01	5.0000e+00
3.2559e+01	2.7659e+01	5.0000e+00
3.2628e+01	2.7922e+01	5.0000e+00
3.2628e+01	2.7922e+01	5.0000e+00
3.2648e+01	2.8000e+01	5.0000e+00
3.2648e+01	2.8000e+01	5.0000e+00
3.2683e+01	2.8133e+01	5.0000e+00
3.2683e+01	2.8133e+01	5.0000e+00
3.2700e+01	2.8200e+01	5.0000e+00
3.2700e+01	2.8200e+01	5.0000e+00
3.2740e+01	2.8350e+01	5.0000e+00
3.2740e+01	2.8350e+01	5.0000e+00
3.2773e+01	2.8477e+01	5.0000e+00
3.2773e+01	2.8477e+01	5.0000e+00
3.2807e+01	2.8607e+01	5.0000e+00
3.2807e+01	2.8607e+01	5.0000e+00
3.2831e+01	2.8700e+01	5.0000e+00
3.2831e+01	2.8700e+01	5.0000e+00
3.2846e+01	2.8754e+01	5.0000e+00
3.2846e+01	2.8754e+01	5.0000e+00
3.2900e+01	2.8961e+01	5.0000e+00
3.2900e+01	2.8961e+01	5.0000e+00
3.2918e+01	2.9032e+01	5.0000e+00
3.2918e+01	2.9032e+01	5.0000e+00
3.2923e+01	2.9050e+01	5.0000e+00
3.2923e+01	2.9050e+01	5.0000e+00
3.2930e+01	2.9080e+01	5.0000e+00
3.2930e+01	2.9080e+01	5.0000e+00
3.2989e+01	2.9311e+01	5.0000e+00
3.2989e+01	2.9311e+01	5.0000e+00
3.3012e+01	2.9400e+01	5.0000e+00
3.3012e+01	2.9400e+01	5.0000e+00
3.3050e+01	2.9550e+01	5.0000e+00
3.3050e+01	2.9550e+01	5.0000e+00
3.3060e+01	2.9590e+01	5.0000e+00
3.3060e+01	2.9590e+01	5.0000e+00
3.3101e+01	2.9750e+01	5.0000e+00
3.3101e+01	2.9750e+01	5.0000e+00
3.3131e+01	2.9869e+01	5.0000e+00
3.3131e+01	2.9869e+01	5.0000e+00
3.3170e+01	3.0020e+01	5.0000e+00
3.3170e+01	3.0020e+01	5.0000e+00
3.3190e+01	3.0100e+01	5.0000e+00
3.3190e+01	3.0100e+01	5.0000e+00
3.3202e+01	3.0148e+01	5.0000e+00
3.3202e+01	3.0148e+01	5.0000e+00
3.3250e+01	3.0334e+01	5.0000e+00
3.3250e+01	3.0334e+01	5.0000e+00
3.3273e+01	3.0427e+01	5.0000e+00
3.3273e+01	3.0427e+01	5.0000e+00
3.3279e+01	3.0450e+01	5.0000e+00
3.3279e+01	3.0450e+01	5.0000e+00
3.3288e+01	3.0488e+01	5.0000e+00
3.3288e+01	3.0488e+01	5.0000e+00
3.3343e+01	3.0707e+01	5.0000e+00
3.3343e+01	3.0707e+01	5.0000e+00
3.3366e+01	3.0800e+01	5.0000e+00
3.3366e+01	3.0800e+01	5.0000e+00
3.3404e+01	3.0954e+01	5.0000e+00
3.3404e+01	3.0954e+01	5.0000e+00
3.3412e+01	3.0988e+01	5.0000e+00
3.3412e+01	3.0988e+01	5.0000e+00
3.3453e+01	3.1150e+01	5.0000e+00
3.3453e+01	3.1150e+01	5.0000e+00
3.3482e+01	3.1268e+01	5.0000e+00
3.3482e+01	3.1268e+01	5.0000e+00
3.3519e+01	3.1419e+01	5.0000e+00
3.3519e+01	3.1419e+01	5.0000e+00
3.3539e+01	3.1500e+01	5.0000e+00
3.3539e+01	3.1500e+01	5.0000e+00
3.3551e+01	3.1549e+01	5.0000e+00
3.3551e+01	3.1549e+01	5.0000e+00
3.3600e+01	3.1744e+01	5.0000e+00
3.3600e+01	3.1744e+01	5.0000e+00
3.3621e+01	3.1829e+01	5.0000e+00
3.3621e+01	3.1829e+01	5.0000e+00
3.3626e+01	3.1850e+01	5.0000e+00
3.3626e+01	3.1850e+01	5.0000e+00
3.3634e+01	3.1884e+01	5.0000e+00
3.3634e+01	3.1884e+01	5.0000e+00
3.3689e+01	3.2111e+01	5.0000e+00
3.3689e+01	3.2111e+01	5.0000e+00
3.3710e+01	3.2200e+01	5.0000e+00
3.3710e+01	3.2200e+01	5.0000e+00
3.3746e+01	3.2346e+01	5.0000e+00
3.3746e+01	3.2346e+01	5.0000e+00
3.3757e+01	3.2393e+01	5.0000e+00
3.3757e+01	3.2393e+01	5.0000e+00
3.3795e+01	3.2550e+01	5.0000e+00
3.3795e+01	3.2550e+01	5.0000e+00
3.3825e+01	3.2675e+01	5.0000e+00
3.3825e+01	3.2675e+01	5.0000e+00
3.3857e+01	3.2807e+01	5.0000e+00
3.3857e+01	3.2807e+01	5.0000e+00
3.3880e+01	3.2900e+01	5.0000e+00
3.3880e+01	3.2900e+01	5.0000e+00
3.3893e+01	3.2957e+01	5.0000e+00
3.3893e+01	3.2957e+01	5.0000e+00
3.3950e+01	3.3190e+01	5.0000e+00
3.3950e+01	3.3190e+01	5.0000e+00
3.3961e+01	3.3239e+01	5.0000e+00
3.3961e+01	3.3239e+01	5.0000e+00
3.3964e+01	3.3250e+01	5.0000e+00
3.3964e+01	3.3250e+01	5.0000e+00
3.3968e+01	3.3268e+01	5.0000e+00
3.3968e+01	3.3268e+01	5.0000e+00
3.4028e+01	3.3522e+01	5.0000e+00
3.4028e+01	3.3522e+01	5.0000e+00
3.4047e+01	3.3600e+01	5.0000e+00
3.4047e+01	3.3600e+01	5.0000e+00
3.4077e+01	3.3727e+01	5.0000e+00
3.4077e+01	3.3727e+01	5.0000e+00
3.4095e+01	3.3805e+01	5.0000e+00
3.4095e+01	3.3805e+01	5.0000e+00
3.4129e+01	3.3950e+01	5.0000e+00
3.4129e+01	3.3950e+01	5.0000e+00
3.4162e+01	3.4088e+01	5.0000e+00
3.4162e+01	3.4088e+01	5.0000e+00
3.4185e+01	3.4185e+01	5.0000e+00
3.4185e+01	3.4185e+01	5.0000e+00
3.4212e+01	3.4300e+01	5.0000e+00
3.4212e+01	3.4300e+01	5.0000e+00
3.4229e+01	3.4371e+01	5.0000e+00
3.4229e+01	3.4371e+01	5.0000e+00
3.4293e+01	3.4643e+01	5.0000e+00
3.4293e+01	3.4643e+01	5.0000e+00
3.4294e+01	3.4650e+01	5.0000e+00
3.4294e+01	3.4650e+01	5.0000e+00
3.4296e+01	3.4654e+01	5.0000e+00
3.4296e+01	3.4654e+01	5.0000e+00
3.4300e+01	3.4673e+01	5.0000e+00
3.4300e+01	3.4673e+01	5.0000e+00
3.4361e+01	3.4939e+01	5.0000e+00
3.4361e+01	3.4939e+01	5.0000e+00
3.4375e+01	3.5000e+01	5.0000e+00
