     X	             Y	             Z
6.2168e+00	3.5000e+01	7.5000e+00
6.3000e+00	3.4653e+01	7.5000e+00
6.3000e+00	3.4653e+01	7.5000e+00
6.2329e+00	3.4933e+01	7.5000e+00
6.2329e+00	3.4933e+01	7.5000e+00
6.3007e+00	3.4651e+01	7.5000e+00
6.3007e+00	3.4651e+01	7.5000e+00
6.3009e+00	3.4650e+01	7.5000e+00
6.3009e+00	3.4650e+01	7.5000e+00
6.3011e+00	3.4649e+01	7.5000e+00
6.3011e+00	3.4649e+01	7.5000e+00
6.3699e+00	3.4370e+01	7.5000e+00
6.3699e+00	3.4370e+01	7.5000e+00
6.3871e+00	3.4300e+01	7.5000e+00
6.3871e+00	3.4300e+01	7.5000e+00
6.4156e+00	3.4184e+01	7.5000e+00
6.4156e+00	3.4184e+01	7.5000e+00
6.4391e+00	3.4089e+01	7.5000e+00
6.4391e+00	3.4089e+01	7.5000e+00
6.4734e+00	3.3950e+01	7.5000e+00
6.4734e+00	3.3950e+01	7.5000e+00
6.5083e+00	3.3808e+01	7.5000e+00
6.5083e+00	3.3808e+01	7.5000e+00
6.5301e+00	3.3720e+01	7.5000e+00
6.5301e+00	3.3720e+01	7.5000e+00
6.5596e+00	3.3600e+01	7.5000e+00
6.5596e+00	3.3600e+01	7.5000e+00
6.5775e+00	3.3528e+01	7.5000e+00
6.5775e+00	3.3528e+01	7.5000e+00
6.6446e+00	3.3255e+01	7.5000e+00
6.6446e+00	3.3255e+01	7.5000e+00
6.6459e+00	3.3250e+01	7.5000e+00
6.6459e+00	3.3250e+01	7.5000e+00
6.6467e+00	3.3247e+01	7.5000e+00
6.6467e+00	3.3247e+01	7.5000e+00
6.6500e+00	3.3233e+01	7.5000e+00
6.6500e+00	3.3233e+01	7.5000e+00
6.7173e+00	3.2967e+01	7.5000e+00
6.7173e+00	3.2967e+01	7.5000e+00
6.7343e+00	3.2900e+01	7.5000e+00
6.7343e+00	3.2900e+01	7.5000e+00
6.7629e+00	3.2787e+01	7.5000e+00
6.7629e+00	3.2787e+01	7.5000e+00
6.7880e+00	3.2688e+01	7.5000e+00
6.7880e+00	3.2688e+01	7.5000e+00
6.8229e+00	3.2550e+01	7.5000e+00
6.8229e+00	3.2550e+01	7.5000e+00
6.8587e+00	3.2409e+01	7.5000e+00
6.8587e+00	3.2409e+01	7.5000e+00
6.8815e+00	3.2319e+01	7.5000e+00
6.8815e+00	3.2319e+01	7.5000e+00
6.9114e+00	3.2200e+01	7.5000e+00
6.9114e+00	3.2200e+01	7.5000e+00
6.9293e+00	3.2129e+01	7.5000e+00
6.9293e+00	3.2129e+01	7.5000e+00
7.0000e+00	3.1850e+01	7.5000e+00
7.0000e+00	3.1850e+01	7.5000e+00
7.0722e+00	3.1572e+01	7.5000e+00
7.0722e+00	3.1572e+01	7.5000e+00
7.0910e+00	3.1500e+01	7.5000e+00
7.0910e+00	3.1500e+01	7.5000e+00
7.1229e+00	3.1377e+01	7.5000e+00
7.1229e+00	3.1377e+01	7.5000e+00
7.1444e+00	3.1294e+01	7.5000e+00
7.1444e+00	3.1294e+01	7.5000e+00
7.1819e+00	3.1150e+01	7.5000e+00
7.1819e+00	3.1150e+01	7.5000e+00
7.2166e+00	3.1017e+01	7.5000e+00
7.2166e+00	3.1017e+01	7.5000e+00
7.2458e+00	3.0904e+01	7.5000e+00
7.2458e+00	3.0904e+01	7.5000e+00
7.2729e+00	3.0800e+01	7.5000e+00
7.2729e+00	3.0800e+01	7.5000e+00
7.2888e+00	3.0739e+01	7.5000e+00
7.2888e+00	3.0739e+01	7.5000e+00
7.3500e+00	3.0503e+01	7.5000e+00
7.3500e+00	3.0503e+01	7.5000e+00
7.3613e+00	3.0461e+01	7.5000e+00
7.3613e+00	3.0461e+01	7.5000e+00
7.3643e+00	3.0450e+01	7.5000e+00
7.3643e+00	3.0450e+01	7.5000e+00
7.3695e+00	3.0431e+01	7.5000e+00
7.3695e+00	3.0431e+01	7.5000e+00
7.4351e+00	3.0185e+01	7.5000e+00
7.4351e+00	3.0185e+01	7.5000e+00
7.4578e+00	3.0100e+01	7.5000e+00
7.4578e+00	3.0100e+01	7.5000e+00
7.4971e+00	2.9953e+01	7.5000e+00
7.4971e+00	2.9953e+01	7.5000e+00
7.5089e+00	2.9909e+01	7.5000e+00
7.5089e+00	2.9909e+01	7.5000e+00
7.5513e+00	2.9750e+01	7.5000e+00
7.5513e+00	2.9750e+01	7.5000e+00
7.5827e+00	2.9633e+01	7.5000e+00
7.5827e+00	2.9633e+01	7.5000e+00
7.6247e+00	2.9475e+01	7.5000e+00
7.6247e+00	2.9475e+01	7.5000e+00
7.6448e+00	2.9400e+01	7.5000e+00
7.6448e+00	2.9400e+01	7.5000e+00
7.6565e+00	2.9356e+01	7.5000e+00
7.6565e+00	2.9356e+01	7.5000e+00
7.7000e+00	2.9194e+01	7.5000e+00
7.7000e+00	2.9194e+01	7.5000e+00
7.7309e+00	2.9081e+01	7.5000e+00
7.7309e+00	2.9081e+01	7.5000e+00
7.7395e+00	2.9050e+01	7.5000e+00
7.7395e+00	2.9050e+01	7.5000e+00
7.7544e+00	2.8996e+01	7.5000e+00
7.7544e+00	2.8996e+01	7.5000e+00
7.8064e+00	2.8806e+01	7.5000e+00
7.8064e+00	2.8806e+01	7.5000e+00
7.8357e+00	2.8700e+01	7.5000e+00
7.8357e+00	2.8700e+01	7.5000e+00
7.8819e+00	2.8532e+01	7.5000e+00
7.8819e+00	2.8532e+01	7.5000e+00
7.8871e+00	2.8513e+01	7.5000e+00
7.8871e+00	2.8513e+01	7.5000e+00
7.9319e+00	2.8350e+01	7.5000e+00
7.9319e+00	2.8350e+01	7.5000e+00
7.9574e+00	2.8257e+01	7.5000e+00
7.9574e+00	2.8257e+01	7.5000e+00
8.0198e+00	2.8030e+01	7.5000e+00
8.0198e+00	2.8030e+01	7.5000e+00
8.0281e+00	2.8000e+01	7.5000e+00
8.0281e+00	2.8000e+01	7.5000e+00
8.0328e+00	2.7983e+01	7.5000e+00
8.0328e+00	2.7983e+01	7.5000e+00
8.0500e+00	2.7920e+01	7.5000e+00
8.0500e+00	2.7920e+01	7.5000e+00
8.1097e+00	2.7710e+01	7.5000e+00
8.1097e+00	2.7710e+01	7.5000e+00
8.1265e+00	2.7650e+01	7.5000e+00
8.1265e+00	2.7650e+01	7.5000e+00
8.1568e+00	2.7543e+01	7.5000e+00
8.1568e+00	2.7543e+01	7.5000e+00
8.1869e+00	2.7437e+01	7.5000e+00
8.1869e+00	2.7437e+01	7.5000e+00
8.2256e+00	2.7300e+01	7.5000e+00
8.2256e+00	2.7300e+01	7.5000e+00
8.2641e+00	2.7164e+01	7.5000e+00
8.2641e+00	2.7164e+01	7.5000e+00
8.2950e+00	2.7055e+01	7.5000e+00
8.2950e+00	2.7055e+01	7.5000e+00
8.3247e+00	2.6950e+01	7.5000e+00
8.3247e+00	2.6950e+01	7.5000e+00
8.3413e+00	2.6891e+01	7.5000e+00
8.3413e+00	2.6891e+01	7.5000e+00
8.4000e+00	2.6684e+01	7.5000e+00
8.4000e+00	2.6684e+01	7.5000e+00
8.4190e+00	2.6619e+01	7.5000e+00
8.4190e+00	2.6619e+01	7.5000e+00
8.4245e+00	2.6600e+01	7.5000e+00
8.4245e+00	2.6600e+01	7.5000e+00
8.4346e+00	2.6565e+01	7.5000e+00
8.4346e+00	2.6565e+01	7.5000e+00
8.4980e+00	2.6348e+01	7.5000e+00
8.4980e+00	2.6348e+01	7.5000e+00
8.5266e+00	2.6250e+01	7.5000e+00
8.5266e+00	2.6250e+01	7.5000e+00
8.5771e+00	2.6077e+01	7.5000e+00
8.5771e+00	2.6077e+01	7.5000e+00
8.5788e+00	2.6071e+01	7.5000e+00
8.5788e+00	2.6071e+01	7.5000e+00
8.6287e+00	2.5900e+01	7.5000e+00
8.6287e+00	2.5900e+01	7.5000e+00
8.6561e+00	2.5806e+01	7.5000e+00
8.6561e+00	2.5806e+01	7.5000e+00
8.7230e+00	2.5577e+01	7.5000e+00
8.7230e+00	2.5577e+01	7.5000e+00
8.7309e+00	2.5550e+01	7.5000e+00
8.7309e+00	2.5550e+01	7.5000e+00
8.7352e+00	2.5535e+01	7.5000e+00
8.7352e+00	2.5535e+01	7.5000e+00
8.7500e+00	2.5484e+01	7.5000e+00
8.7500e+00	2.5484e+01	7.5000e+00
8.8158e+00	2.5266e+01	7.5000e+00
8.8158e+00	2.5266e+01	7.5000e+00
8.8356e+00	2.5200e+01	7.5000e+00
8.8356e+00	2.5200e+01	7.5000e+00
8.8724e+00	2.5078e+01	7.5000e+00
8.8724e+00	2.5078e+01	7.5000e+00
8.8968e+00	2.4997e+01	7.5000e+00
8.8968e+00	2.4997e+01	7.5000e+00
8.9409e+00	2.4850e+01	7.5000e+00
8.9409e+00	2.4850e+01	7.5000e+00
8.9777e+00	2.4728e+01	7.5000e+00
8.9777e+00	2.4728e+01	7.5000e+00
9.0231e+00	2.4577e+01	7.5000e+00
9.0231e+00	2.4577e+01	7.5000e+00
9.0463e+00	2.4500e+01	7.5000e+00
9.0463e+00	2.4500e+01	7.5000e+00
9.0587e+00	2.4459e+01	7.5000e+00
9.0587e+00	2.4459e+01	7.5000e+00
9.1000e+00	2.4322e+01	7.5000e+00
9.1000e+00	2.4322e+01	7.5000e+00
9.1407e+00	2.4191e+01	7.5000e+00
9.1407e+00	2.4191e+01	7.5000e+00
9.1533e+00	2.4150e+01	7.5000e+00
9.1533e+00	2.4150e+01	7.5000e+00
9.1773e+00	2.4073e+01	7.5000e+00
9.1773e+00	2.4073e+01	7.5000e+00
9.2237e+00	2.3924e+01	7.5000e+00
9.2237e+00	2.3924e+01	7.5000e+00
9.2621e+00	2.3800e+01	7.5000e+00
9.2621e+00	2.3800e+01	7.5000e+00
9.3066e+00	2.3657e+01	7.5000e+00
9.3066e+00	2.3657e+01	7.5000e+00
9.3352e+00	2.3565e+01	7.5000e+00
9.3352e+00	2.3565e+01	7.5000e+00
9.3709e+00	2.3450e+01	7.5000e+00
9.3709e+00	2.3450e+01	7.5000e+00
9.3896e+00	2.3390e+01	7.5000e+00
9.3896e+00	2.3390e+01	7.5000e+00
9.4500e+00	2.3195e+01	7.5000e+00
9.4500e+00	2.3195e+01	7.5000e+00
9.4732e+00	2.3123e+01	7.5000e+00
9.4732e+00	2.3123e+01	7.5000e+00
9.4806e+00	2.3100e+01	7.5000e+00
9.4806e+00	2.3100e+01	7.5000e+00
9.4951e+00	2.3055e+01	7.5000e+00
9.4951e+00	2.3055e+01	7.5000e+00
9.5583e+00	2.2858e+01	7.5000e+00
9.5583e+00	2.2858e+01	7.5000e+00
9.5931e+00	2.2750e+01	7.5000e+00
9.5931e+00	2.2750e+01	7.5000e+00
9.6434e+00	2.2593e+01	7.5000e+00
9.6434e+00	2.2593e+01	7.5000e+00
9.6608e+00	2.2539e+01	7.5000e+00
9.6608e+00	2.2539e+01	7.5000e+00
9.7055e+00	2.2400e+01	7.5000e+00
9.7055e+00	2.2400e+01	7.5000e+00
9.7285e+00	2.2329e+01	7.5000e+00
9.7285e+00	2.2329e+01	7.5000e+00
9.8000e+00	2.2106e+01	7.5000e+00
9.8000e+00	2.2106e+01	7.5000e+00
9.8140e+00	2.2064e+01	7.5000e+00
9.8140e+00	2.2064e+01	7.5000e+00
9.8186e+00	2.2050e+01	7.5000e+00
9.8186e+00	2.2050e+01	7.5000e+00
9.8279e+00	2.2022e+01	7.5000e+00
9.8279e+00	2.2022e+01	7.5000e+00
9.9013e+00	2.1801e+01	7.5000e+00
9.9013e+00	2.1801e+01	7.5000e+00
9.9350e+00	2.1700e+01	7.5000e+00
9.9350e+00	2.1700e+01	7.5000e+00
9.9886e+00	2.1539e+01	7.5000e+00
9.9886e+00	2.1539e+01	7.5000e+00
1.0002e+01	2.1498e+01	7.5000e+00
1.0002e+01	2.1498e+01	7.5000e+00
1.0051e+01	2.1350e+01	7.5000e+00
1.0051e+01	2.1350e+01	7.5000e+00
1.0076e+01	2.1276e+01	7.5000e+00
1.0076e+01	2.1276e+01	7.5000e+00
1.0150e+01	2.1053e+01	7.5000e+00
1.0150e+01	2.1053e+01	7.5000e+00
1.0164e+01	2.1014e+01	7.5000e+00
1.0164e+01	2.1014e+01	7.5000e+00
1.0168e+01	2.1000e+01	7.5000e+00
1.0168e+01	2.1000e+01	7.5000e+00
1.0178e+01	2.0972e+01	7.5000e+00
1.0178e+01	2.0972e+01	7.5000e+00
1.0253e+01	2.0753e+01	7.5000e+00
1.0253e+01	2.0753e+01	7.5000e+00
1.0289e+01	2.0650e+01	7.5000e+00
1.0289e+01	2.0650e+01	7.5000e+00
1.0343e+01	2.0493e+01	7.5000e+00
1.0343e+01	2.0493e+01	7.5000e+00
1.0362e+01	2.0438e+01	7.5000e+00
1.0362e+01	2.0438e+01	7.5000e+00
1.0410e+01	2.0300e+01	7.5000e+00
1.0410e+01	2.0300e+01	7.5000e+00
1.0433e+01	2.0233e+01	7.5000e+00
1.0433e+01	2.0233e+01	7.5000e+00
1.0500e+01	2.0038e+01	7.5000e+00
1.0500e+01	2.0038e+01	7.5000e+00
1.0523e+01	1.9973e+01	7.5000e+00
1.0523e+01	1.9973e+01	7.5000e+00
1.0531e+01	1.9950e+01	7.5000e+00
1.0531e+01	1.9950e+01	7.5000e+00
1.0549e+01	1.9901e+01	7.5000e+00
1.0549e+01	1.9901e+01	7.5000e+00
1.0615e+01	1.9715e+01	7.5000e+00
1.0615e+01	1.9715e+01	7.5000e+00
1.0656e+01	1.9600e+01	7.5000e+00
1.0656e+01	1.9600e+01	7.5000e+00
1.0707e+01	1.9457e+01	7.5000e+00
1.0707e+01	1.9457e+01	7.5000e+00
1.0743e+01	1.9357e+01	7.5000e+00
1.0743e+01	1.9357e+01	7.5000e+00
1.0782e+01	1.9250e+01	7.5000e+00
1.0782e+01	1.9250e+01	7.5000e+00
1.0800e+01	1.9200e+01	7.5000e+00
1.0800e+01	1.9200e+01	7.5000e+00
1.0850e+01	1.9058e+01	7.5000e+00
1.0850e+01	1.9058e+01	7.5000e+00
1.0893e+01	1.8943e+01	7.5000e+00
1.0893e+01	1.8943e+01	7.5000e+00
1.0909e+01	1.8900e+01	7.5000e+00
1.0909e+01	1.8900e+01	7.5000e+00
1.0944e+01	1.8806e+01	7.5000e+00
1.0944e+01	1.8806e+01	7.5000e+00
1.0988e+01	1.8688e+01	7.5000e+00
1.0988e+01	1.8688e+01	7.5000e+00
1.1039e+01	1.8550e+01	7.5000e+00
1.1039e+01	1.8550e+01	7.5000e+00
1.1082e+01	1.8432e+01	7.5000e+00
1.1082e+01	1.8432e+01	7.5000e+00
1.1150e+01	1.8250e+01	7.5000e+00
1.1150e+01	1.8250e+01	7.5000e+00
1.1169e+01	1.8200e+01	7.5000e+00
1.1169e+01	1.8200e+01	7.5000e+00
1.1177e+01	1.8177e+01	7.5000e+00
1.1177e+01	1.8177e+01	7.5000e+00
1.1200e+01	1.8116e+01	7.5000e+00
1.1200e+01	1.8116e+01	7.5000e+00
1.1274e+01	1.7924e+01	7.5000e+00
1.1274e+01	1.7924e+01	7.5000e+00
1.1303e+01	1.7850e+01	7.5000e+00
1.1303e+01	1.7850e+01	7.5000e+00
1.1368e+01	1.7682e+01	7.5000e+00
1.1368e+01	1.7682e+01	7.5000e+00
1.1372e+01	1.7672e+01	7.5000e+00
1.1372e+01	1.7672e+01	7.5000e+00
1.1438e+01	1.7500e+01	7.5000e+00
1.1438e+01	1.7500e+01	7.5000e+00
1.1469e+01	1.7419e+01	7.5000e+00
1.1469e+01	1.7419e+01	7.5000e+00
1.1550e+01	1.7210e+01	7.5000e+00
1.1550e+01	1.7210e+01	7.5000e+00
1.1567e+01	1.7167e+01	7.5000e+00
1.1567e+01	1.7167e+01	7.5000e+00
1.1574e+01	1.7150e+01	7.5000e+00
1.1574e+01	1.7150e+01	7.5000e+00
1.1591e+01	1.7109e+01	7.5000e+00
1.1591e+01	1.7109e+01	7.5000e+00
1.1668e+01	1.6918e+01	7.5000e+00
1.1668e+01	1.6918e+01	7.5000e+00
1.1715e+01	1.6800e+01	7.5000e+00
1.1715e+01	1.6800e+01	7.5000e+00
1.1768e+01	1.6668e+01	7.5000e+00
1.1768e+01	1.6668e+01	7.5000e+00
1.1827e+01	1.6523e+01	7.5000e+00
1.1827e+01	1.6523e+01	7.5000e+00
1.1856e+01	1.6450e+01	7.5000e+00
1.1856e+01	1.6450e+01	7.5000e+00
1.1869e+01	1.6419e+01	7.5000e+00
1.1869e+01	1.6419e+01	7.5000e+00
1.1900e+01	1.6342e+01	7.5000e+00
1.1900e+01	1.6342e+01	7.5000e+00
1.1972e+01	1.6172e+01	7.5000e+00
1.1972e+01	1.6172e+01	7.5000e+00
1.2002e+01	1.6100e+01	7.5000e+00
1.2002e+01	1.6100e+01	7.5000e+00
1.2075e+01	1.5925e+01	7.5000e+00
1.2075e+01	1.5925e+01	7.5000e+00
1.2075e+01	1.5925e+01	7.5000e+00
1.2075e+01	1.5925e+01	7.5000e+00
1.2149e+01	1.5750e+01	7.5000e+00
1.2149e+01	1.5750e+01	7.5000e+00
1.2179e+01	1.5679e+01	7.5000e+00
1.2179e+01	1.5679e+01	7.5000e+00
1.2250e+01	1.5509e+01	7.5000e+00
1.2250e+01	1.5509e+01	7.5000e+00
1.2283e+01	1.5433e+01	7.5000e+00
1.2283e+01	1.5433e+01	7.5000e+00
1.2298e+01	1.5400e+01	7.5000e+00
1.2298e+01	1.5400e+01	7.5000e+00
1.2336e+01	1.5314e+01	7.5000e+00
1.2336e+01	1.5314e+01	7.5000e+00
1.2390e+01	1.5190e+01	7.5000e+00
1.2390e+01	1.5190e+01	7.5000e+00
1.2452e+01	1.5050e+01	7.5000e+00
1.2452e+01	1.5050e+01	7.5000e+00
1.2497e+01	1.4947e+01	7.5000e+00
1.2497e+01	1.4947e+01	7.5000e+00
1.2600e+01	1.4714e+01	7.5000e+00
1.2600e+01	1.4714e+01	7.5000e+00
1.2604e+01	1.4704e+01	7.5000e+00
1.2604e+01	1.4704e+01	7.5000e+00
1.2606e+01	1.4700e+01	7.5000e+00
1.2606e+01	1.4700e+01	7.5000e+00
1.2612e+01	1.4688e+01	7.5000e+00
1.2612e+01	1.4688e+01	7.5000e+00
1.2715e+01	1.4465e+01	7.5000e+00
1.2715e+01	1.4465e+01	7.5000e+00
1.2768e+01	1.4350e+01	7.5000e+00
1.2768e+01	1.4350e+01	7.5000e+00
1.2825e+01	1.4225e+01	7.5000e+00
1.2825e+01	1.4225e+01	7.5000e+00
1.2912e+01	1.4038e+01	7.5000e+00
1.2912e+01	1.4038e+01	7.5000e+00
1.2929e+01	1.4000e+01	7.5000e+00
1.2929e+01	1.4000e+01	7.5000e+00
1.2936e+01	1.3986e+01	7.5000e+00
1.2936e+01	1.3986e+01	7.5000e+00
1.2950e+01	1.3955e+01	7.5000e+00
1.2950e+01	1.3955e+01	7.5000e+00
1.3050e+01	1.3750e+01	7.5000e+00
1.3050e+01	1.3750e+01	7.5000e+00
1.3098e+01	1.3650e+01	7.5000e+00
1.3098e+01	1.3650e+01	7.5000e+00
1.3164e+01	1.3514e+01	7.5000e+00
1.3164e+01	1.3514e+01	7.5000e+00
1.3237e+01	1.3363e+01	7.5000e+00
1.3237e+01	1.3363e+01	7.5000e+00
1.3268e+01	1.3300e+01	7.5000e+00
1.3268e+01	1.3300e+01	7.5000e+00
1.3278e+01	1.3278e+01	7.5000e+00
1.3278e+01	1.3278e+01	7.5000e+00
1.3300e+01	1.3234e+01	7.5000e+00
1.3300e+01	1.3234e+01	7.5000e+00
1.3396e+01	1.3046e+01	7.5000e+00
1.3396e+01	1.3046e+01	7.5000e+00
1.3445e+01	1.2950e+01	7.5000e+00
1.3445e+01	1.2950e+01	7.5000e+00
1.3514e+01	1.2814e+01	7.5000e+00
1.3514e+01	1.2814e+01	7.5000e+00
1.3596e+01	1.2654e+01	7.5000e+00
1.3596e+01	1.2654e+01	7.5000e+00
1.3624e+01	1.2600e+01	7.5000e+00
1.3624e+01	1.2600e+01	7.5000e+00
1.3633e+01	1.2583e+01	7.5000e+00
1.3633e+01	1.2583e+01	7.5000e+00
1.3650e+01	1.2548e+01	7.5000e+00
1.3650e+01	1.2548e+01	7.5000e+00
1.3755e+01	1.2355e+01	7.5000e+00
1.3755e+01	1.2355e+01	7.5000e+00
1.3811e+01	1.2250e+01	7.5000e+00
1.3811e+01	1.2250e+01	7.5000e+00
1.3877e+01	1.2127e+01	7.5000e+00
1.3877e+01	1.2127e+01	7.5000e+00
1.4000e+01	1.1900e+01	7.5000e+00
1.4000e+01	1.1900e+01	7.5000e+00
1.4000e+01	1.1900e+01	7.5000e+00
1.4000e+01	1.1900e+01	7.5000e+00
1.4000e+01	1.1900e+01	7.5000e+00
1.4000e+01	1.1900e+01	7.5000e+00
1.4000e+01	1.1900e+01	7.5000e+00
1.4000e+01	1.1900e+01	7.5000e+00
1.4127e+01	1.1677e+01	7.5000e+00
1.4127e+01	1.1677e+01	7.5000e+00
1.4200e+01	1.1550e+01	7.5000e+00
1.4200e+01	1.1550e+01	7.5000e+00
1.4255e+01	1.1455e+01	7.5000e+00
1.4255e+01	1.1455e+01	7.5000e+00
1.4350e+01	1.1288e+01	7.5000e+00
1.4350e+01	1.1288e+01	7.5000e+00
1.4383e+01	1.1233e+01	7.5000e+00
1.4383e+01	1.1233e+01	7.5000e+00
1.4404e+01	1.1200e+01	7.5000e+00
1.4404e+01	1.1200e+01	7.5000e+00
1.4488e+01	1.1062e+01	7.5000e+00
1.4488e+01	1.1062e+01	7.5000e+00
1.4516e+01	1.1016e+01	7.5000e+00
1.4516e+01	1.1016e+01	7.5000e+00
1.4617e+01	1.0850e+01	7.5000e+00
1.4617e+01	1.0850e+01	7.5000e+00
1.4648e+01	1.0798e+01	7.5000e+00
1.4648e+01	1.0798e+01	7.5000e+00
1.4700e+01	1.0713e+01	7.5000e+00
1.4700e+01	1.0713e+01	7.5000e+00
1.4784e+01	1.0584e+01	7.5000e+00
1.4784e+01	1.0584e+01	7.5000e+00
1.4839e+01	1.0500e+01	7.5000e+00
1.4839e+01	1.0500e+01	7.5000e+00
1.4922e+01	1.0372e+01	7.5000e+00
1.4922e+01	1.0372e+01	7.5000e+00
1.5050e+01	1.0175e+01	7.5000e+00
1.5050e+01	1.0175e+01	7.5000e+00
1.5060e+01	1.0160e+01	7.5000e+00
1.5060e+01	1.0160e+01	7.5000e+00
1.5068e+01	1.0150e+01	7.5000e+00
1.5068e+01	1.0150e+01	7.5000e+00
1.5109e+01	1.0091e+01	7.5000e+00
1.5109e+01	1.0091e+01	7.5000e+00
1.5204e+01	9.9543e+00	7.5000e+00
1.5204e+01	9.9543e+00	7.5000e+00
1.5312e+01	9.8000e+00	7.5000e+00
1.5312e+01	9.8000e+00	7.5000e+00
1.5348e+01	9.7482e+00	7.5000e+00
1.5348e+01	9.7482e+00	7.5000e+00
1.5400e+01	9.6740e+00	7.5000e+00
1.5400e+01	9.6740e+00	7.5000e+00
1.5496e+01	9.5462e+00	7.5000e+00
1.5496e+01	9.5462e+00	7.5000e+00
1.5569e+01	9.4500e+00	7.5000e+00
1.5569e+01	9.4500e+00	7.5000e+00
1.5647e+01	9.3466e+00	7.5000e+00
1.5647e+01	9.3466e+00	7.5000e+00
1.5750e+01	9.2094e+00	7.5000e+00
1.5750e+01	9.2094e+00	7.5000e+00
1.5799e+01	9.1492e+00	7.5000e+00
1.5799e+01	9.1492e+00	7.5000e+00
1.5839e+01	9.1000e+00	7.5000e+00
1.5839e+01	9.1000e+00	7.5000e+00
1.5957e+01	8.9567e+00	7.5000e+00
1.5957e+01	8.9567e+00	7.5000e+00
1.6100e+01	8.7815e+00	7.5000e+00
1.6100e+01	8.7815e+00	7.5000e+00
1.6115e+01	8.7649e+00	7.5000e+00
1.6115e+01	8.7649e+00	7.5000e+00
1.6128e+01	8.7500e+00	7.5000e+00
1.6128e+01	8.7500e+00	7.5000e+00
1.6280e+01	8.5802e+00	7.5000e+00
1.6280e+01	8.5802e+00	7.5000e+00
1.6368e+01	8.4819e+00	7.5000e+00
1.6368e+01	8.4819e+00	7.5000e+00
1.6441e+01	8.4000e+00	7.5000e+00
1.6441e+01	8.4000e+00	7.5000e+00
1.6445e+01	8.3955e+00	7.5000e+00
1.6445e+01	8.3955e+00	7.5000e+00
1.6450e+01	8.3904e+00	7.5000e+00
1.6450e+01	8.3904e+00	7.5000e+00
1.6619e+01	8.2191e+00	7.5000e+00
1.6619e+01	8.2191e+00	7.5000e+00
1.6786e+01	8.0500e+00	7.5000e+00
1.6786e+01	8.0500e+00	7.5000e+00
1.6793e+01	8.0430e+00	7.5000e+00
1.6793e+01	8.0430e+00	7.5000e+00
1.6800e+01	8.0360e+00	7.5000e+00
1.6800e+01	8.0360e+00	7.5000e+00
1.6951e+01	7.8986e+00	7.5000e+00
1.6951e+01	7.8986e+00	7.5000e+00
1.6976e+01	7.8761e+00	7.5000e+00
1.6976e+01	7.8761e+00	7.5000e+00
1.7150e+01	7.7184e+00	7.5000e+00
1.7150e+01	7.7184e+00	7.5000e+00
1.7160e+01	7.7102e+00	7.5000e+00
1.7160e+01	7.7102e+00	7.5000e+00
1.7173e+01	7.7000e+00	7.5000e+00
1.7173e+01	7.7000e+00	7.5000e+00
1.7354e+01	7.5544e+00	7.5000e+00
1.7354e+01	7.5544e+00	7.5000e+00
1.7500e+01	7.4375e+00	7.5000e+00
1.7500e+01	7.4375e+00	7.5000e+00
1.7552e+01	7.4015e+00	7.5000e+00
1.7552e+01	7.4015e+00	7.5000e+00
1.7625e+01	7.3500e+00	7.5000e+00
1.7625e+01	7.3500e+00	7.5000e+00
1.7758e+01	7.2577e+00	7.5000e+00
1.7758e+01	7.2577e+00	7.5000e+00
1.7850e+01	7.1934e+00	7.5000e+00
1.7850e+01	7.1934e+00	7.5000e+00
1.7971e+01	7.1214e+00	7.5000e+00
1.7971e+01	7.1214e+00	7.5000e+00
1.8176e+01	7.0000e+00	7.5000e+00
1.8176e+01	7.0000e+00	7.5000e+00
1.8191e+01	6.9912e+00	7.5000e+00
1.8191e+01	6.9912e+00	7.5000e+00
1.8200e+01	6.9860e+00	7.5000e+00
1.8200e+01	6.9860e+00	7.5000e+00
1.8227e+01	6.9727e+00	7.5000e+00
1.8227e+01	6.9727e+00	7.5000e+00
1.8426e+01	6.8759e+00	7.5000e+00
1.8426e+01	6.8759e+00	7.5000e+00
1.8550e+01	6.8154e+00	7.5000e+00
1.8550e+01	6.8154e+00	7.5000e+00
1.8670e+01	6.7696e+00	7.5000e+00
1.8670e+01	6.7696e+00	7.5000e+00
1.8849e+01	6.7010e+00	7.5000e+00
1.8849e+01	6.7010e+00	7.5000e+00
1.8900e+01	6.6815e+00	7.5000e+00
1.8900e+01	6.6815e+00	7.5000e+00
1.8925e+01	6.6747e+00	7.5000e+00
1.8925e+01	6.6747e+00	7.5000e+00
1.9014e+01	6.6500e+00	7.5000e+00
1.9014e+01	6.6500e+00	7.5000e+00
1.9199e+01	6.5986e+00	7.5000e+00
1.9199e+01	6.5986e+00	7.5000e+00
1.9250e+01	6.5844e+00	7.5000e+00
1.9250e+01	6.5844e+00	7.5000e+00
1.9329e+01	6.5707e+00	7.5000e+00
1.9329e+01	6.5707e+00	7.5000e+00
1.9493e+01	6.5425e+00	7.5000e+00
1.9493e+01	6.5425e+00	7.5000e+00
1.9600e+01	6.5240e+00	7.5000e+00
1.9600e+01	6.5240e+00	7.5000e+00
1.9735e+01	6.5149e+00	7.5000e+00
1.9735e+01	6.5149e+00	7.5000e+00
1.9810e+01	6.5098e+00	7.5000e+00
1.9810e+01	6.5098e+00	7.5000e+00
1.9950e+01	6.5004e+00	7.5000e+00
1.9950e+01	6.5004e+00	7.5000e+00
2.0094e+01	6.5058e+00	7.5000e+00
2.0094e+01	6.5058e+00	7.5000e+00
2.0158e+01	6.5082e+00	7.5000e+00
2.0158e+01	6.5082e+00	7.5000e+00
2.0300e+01	6.5135e+00	7.5000e+00
2.0300e+01	6.5135e+00	7.5000e+00
2.0419e+01	6.5305e+00	7.5000e+00
2.0419e+01	6.5305e+00	7.5000e+00
2.0549e+01	6.5490e+00	7.5000e+00
2.0549e+01	6.5490e+00	7.5000e+00
2.0650e+01	6.5634e+00	7.5000e+00
2.0650e+01	6.5634e+00	7.5000e+00
2.0719e+01	6.5806e+00	7.5000e+00
2.0719e+01	6.5806e+00	7.5000e+00
2.1000e+01	6.6500e+00	7.5000e+00
2.1000e+01	6.6500e+00	7.5000e+00
2.1000e+01	6.6500e+00	7.5000e+00
2.1000e+01	6.6500e+00	7.5000e+00
2.1000e+01	6.6500e+00	7.5000e+00
2.1000e+01	6.6500e+00	7.5000e+00
2.1000e+01	6.6500e+00	7.5000e+00
2.1000e+01	6.6500e+00	7.5000e+00
2.1259e+01	6.7412e+00	7.5000e+00
2.1259e+01	6.7412e+00	7.5000e+00
2.1350e+01	6.7734e+00	7.5000e+00
2.1350e+01	6.7734e+00	7.5000e+00
2.1505e+01	6.8445e+00	7.5000e+00
2.1505e+01	6.8445e+00	7.5000e+00
2.1577e+01	6.8774e+00	7.5000e+00
2.1577e+01	6.8774e+00	7.5000e+00
2.1700e+01	6.9335e+00	7.5000e+00
2.1700e+01	6.9335e+00	7.5000e+00
2.1743e+01	6.9574e+00	7.5000e+00
2.1743e+01	6.9574e+00	7.5000e+00
2.1818e+01	7.0000e+00	7.5000e+00
2.1818e+01	7.0000e+00	7.5000e+00
2.1967e+01	7.0834e+00	7.5000e+00
2.1967e+01	7.0834e+00	7.5000e+00
2.2050e+01	7.1304e+00	7.5000e+00
2.2050e+01	7.1304e+00	7.5000e+00
2.2182e+01	7.2183e+00	7.5000e+00
2.2182e+01	7.2183e+00	7.5000e+00
2.2379e+01	7.3500e+00	7.5000e+00
2.2379e+01	7.3500e+00	7.5000e+00
2.2392e+01	7.3584e+00	7.5000e+00
2.2392e+01	7.3584e+00	7.5000e+00
2.2400e+01	7.3640e+00	7.5000e+00
2.2400e+01	7.3640e+00	7.5000e+00
2.2462e+01	7.4115e+00	7.5000e+00
2.2462e+01	7.4115e+00	7.5000e+00
2.2590e+01	7.5104e+00	7.5000e+00
2.2590e+01	7.5104e+00	7.5000e+00
2.2750e+01	7.6344e+00	7.5000e+00
2.2750e+01	7.6344e+00	7.5000e+00
2.2785e+01	7.6650e+00	7.5000e+00
2.2785e+01	7.6650e+00	7.5000e+00
2.2825e+01	7.7000e+00	7.5000e+00
2.2825e+01	7.7000e+00	7.5000e+00
2.2971e+01	7.8286e+00	7.5000e+00
2.2971e+01	7.8286e+00	7.5000e+00
2.3100e+01	7.9415e+00	7.5000e+00
2.3100e+01	7.9415e+00	7.5000e+00
2.3155e+01	7.9953e+00	7.5000e+00
2.3155e+01	7.9953e+00	7.5000e+00
2.3210e+01	8.0500e+00	7.5000e+00
2.3210e+01	8.0500e+00	7.5000e+00
2.3331e+01	8.1687e+00	7.5000e+00
2.3331e+01	8.1687e+00	7.5000e+00
2.3450e+01	8.2854e+00	7.5000e+00
2.3450e+01	8.2854e+00	7.5000e+00
2.3505e+01	8.3451e+00	7.5000e+00
2.3505e+01	8.3451e+00	7.5000e+00
2.3555e+01	8.4000e+00	7.5000e+00
2.3555e+01	8.4000e+00	7.5000e+00
2.3673e+01	8.5274e+00	7.5000e+00
2.3673e+01	8.5274e+00	7.5000e+00
2.3800e+01	8.6660e+00	7.5000e+00
2.3800e+01	8.6660e+00	7.5000e+00
2.3838e+01	8.7117e+00	7.5000e+00
2.3838e+01	8.7117e+00	7.5000e+00
2.3870e+01	8.7500e+00	7.5000e+00
2.3870e+01	8.7500e+00	7.5000e+00
2.3998e+01	8.9021e+00	7.5000e+00
2.3998e+01	8.9021e+00	7.5000e+00
2.4150e+01	9.0834e+00	7.5000e+00
2.4150e+01	9.0834e+00	7.5000e+00
2.4157e+01	9.0928e+00	7.5000e+00
2.4157e+01	9.0928e+00	7.5000e+00
2.4163e+01	9.1000e+00	7.5000e+00
2.4163e+01	9.1000e+00	7.5000e+00
2.4206e+01	9.1559e+00	7.5000e+00
2.4206e+01	9.1559e+00	7.5000e+00
2.4310e+01	9.2904e+00	7.5000e+00
2.4310e+01	9.2904e+00	7.5000e+00
2.4433e+01	9.4500e+00	7.5000e+00
2.4433e+01	9.4500e+00	7.5000e+00
2.4462e+01	9.4881e+00	7.5000e+00
2.4462e+01	9.4881e+00	7.5000e+00
2.4500e+01	9.5375e+00	7.5000e+00
2.4500e+01	9.5375e+00	7.5000e+00
2.4609e+01	9.6907e+00	7.5000e+00
2.4609e+01	9.6907e+00	7.5000e+00
2.4687e+01	9.8000e+00	7.5000e+00
2.4687e+01	9.8000e+00	7.5000e+00
2.4755e+01	9.8951e+00	7.5000e+00
2.4755e+01	9.8951e+00	7.5000e+00
2.4850e+01	1.0028e+01	7.5000e+00
2.4850e+01	1.0028e+01	7.5000e+00
2.4899e+01	1.0101e+01	7.5000e+00
2.4899e+01	1.0101e+01	7.5000e+00
2.4931e+01	1.0150e+01	7.5000e+00
2.4931e+01	1.0150e+01	7.5000e+00
2.5038e+01	1.0312e+01	7.5000e+00
2.5038e+01	1.0312e+01	7.5000e+00
2.5090e+01	1.0390e+01	7.5000e+00
2.5090e+01	1.0390e+01	7.5000e+00
2.5163e+01	1.0500e+01	7.5000e+00
2.5163e+01	1.0500e+01	7.5000e+00
2.5178e+01	1.0522e+01	7.5000e+00
2.5178e+01	1.0522e+01	7.5000e+00
2.5200e+01	1.0556e+01	7.5000e+00
2.5200e+01	1.0556e+01	7.5000e+00
2.5313e+01	1.0737e+01	7.5000e+00
2.5313e+01	1.0737e+01	7.5000e+00
2.5382e+01	1.0850e+01	7.5000e+00
2.5382e+01	1.0850e+01	7.5000e+00
2.5447e+01	1.0953e+01	7.5000e+00
2.5447e+01	1.0953e+01	7.5000e+00
2.5550e+01	1.1120e+01	7.5000e+00
2.5550e+01	1.1120e+01	7.5000e+00
2.5579e+01	1.1171e+01	7.5000e+00
2.5579e+01	1.1171e+01	7.5000e+00
2.5596e+01	1.1200e+01	7.5000e+00
2.5596e+01	1.1200e+01	7.5000e+00
2.5661e+01	1.1311e+01	7.5000e+00
2.5661e+01	1.1311e+01	7.5000e+00
2.5708e+01	1.1392e+01	7.5000e+00
2.5708e+01	1.1392e+01	7.5000e+00
2.5800e+01	1.1550e+01	7.5000e+00
2.5800e+01	1.1550e+01	7.5000e+00
2.5837e+01	1.1613e+01	7.5000e+00
2.5837e+01	1.1613e+01	7.5000e+00
2.5900e+01	1.1721e+01	7.5000e+00
2.5900e+01	1.1721e+01	7.5000e+00
2.5963e+01	1.1837e+01	7.5000e+00
2.5963e+01	1.1837e+01	7.5000e+00
2.5998e+01	1.1900e+01	7.5000e+00
2.5998e+01	1.1900e+01	7.5000e+00
2.6087e+01	1.2063e+01	7.5000e+00
2.6087e+01	1.2063e+01	7.5000e+00
2.6117e+01	1.2117e+01	7.5000e+00
2.6117e+01	1.2117e+01	7.5000e+00
2.6190e+01	1.2250e+01	7.5000e+00
2.6190e+01	1.2250e+01	7.5000e+00
2.6211e+01	1.2289e+01	7.5000e+00
2.6211e+01	1.2289e+01	7.5000e+00
2.6250e+01	1.2359e+01	7.5000e+00
2.6250e+01	1.2359e+01	7.5000e+00
2.6332e+01	1.2518e+01	7.5000e+00
2.6332e+01	1.2518e+01	7.5000e+00
2.6375e+01	1.2600e+01	7.5000e+00
2.6375e+01	1.2600e+01	7.5000e+00
2.6452e+01	1.2748e+01	7.5000e+00
2.6452e+01	1.2748e+01	7.5000e+00
2.6509e+01	1.2859e+01	7.5000e+00
2.6509e+01	1.2859e+01	7.5000e+00
2.6556e+01	1.2950e+01	7.5000e+00
2.6556e+01	1.2950e+01	7.5000e+00
2.6571e+01	1.2979e+01	7.5000e+00
2.6571e+01	1.2979e+01	7.5000e+00
2.6600e+01	1.3034e+01	7.5000e+00
2.6600e+01	1.3034e+01	7.5000e+00
2.6688e+01	1.3212e+01	7.5000e+00
2.6688e+01	1.3212e+01	7.5000e+00
2.6731e+01	1.3300e+01	7.5000e+00
2.6731e+01	1.3300e+01	7.5000e+00
2.6803e+01	1.3447e+01	7.5000e+00
2.6803e+01	1.3447e+01	7.5000e+00
2.6858e+01	1.3558e+01	7.5000e+00
2.6858e+01	1.3558e+01	7.5000e+00
2.6903e+01	1.3650e+01	7.5000e+00
2.6903e+01	1.3650e+01	7.5000e+00
2.6919e+01	1.3681e+01	7.5000e+00
2.6919e+01	1.3681e+01	7.5000e+00
2.6950e+01	1.3745e+01	7.5000e+00
2.6950e+01	1.3745e+01	7.5000e+00
2.7031e+01	1.3919e+01	7.5000e+00
2.7031e+01	1.3919e+01	7.5000e+00
2.7069e+01	1.4000e+01	7.5000e+00
2.7069e+01	1.4000e+01	7.5000e+00
2.7143e+01	1.4157e+01	7.5000e+00
2.7143e+01	1.4157e+01	7.5000e+00
2.7174e+01	1.4224e+01	7.5000e+00
2.7174e+01	1.4224e+01	7.5000e+00
2.7233e+01	1.4350e+01	7.5000e+00
2.7233e+01	1.4350e+01	7.5000e+00
2.7254e+01	1.4396e+01	7.5000e+00
2.7254e+01	1.4396e+01	7.5000e+00
2.7300e+01	1.4493e+01	7.5000e+00
2.7300e+01	1.4493e+01	7.5000e+00
2.7364e+01	1.4636e+01	7.5000e+00
2.7364e+01	1.4636e+01	7.5000e+00
2.7392e+01	1.4700e+01	7.5000e+00
2.7392e+01	1.4700e+01	7.5000e+00
2.7466e+01	1.4866e+01	7.5000e+00
2.7466e+01	1.4866e+01	7.5000e+00
2.7472e+01	1.4878e+01	7.5000e+00
2.7472e+01	1.4878e+01	7.5000e+00
2.7548e+01	1.5050e+01	7.5000e+00
2.7548e+01	1.5050e+01	7.5000e+00
2.7580e+01	1.5120e+01	7.5000e+00
2.7580e+01	1.5120e+01	7.5000e+00
2.7650e+01	1.5278e+01	7.5000e+00
2.7650e+01	1.5278e+01	7.5000e+00
2.7686e+01	1.5364e+01	7.5000e+00
2.7686e+01	1.5364e+01	7.5000e+00
2.7702e+01	1.5400e+01	7.5000e+00
2.7702e+01	1.5400e+01	7.5000e+00
2.7740e+01	1.5490e+01	7.5000e+00
2.7740e+01	1.5490e+01	7.5000e+00
2.7791e+01	1.5609e+01	7.5000e+00
2.7791e+01	1.5609e+01	7.5000e+00
2.7851e+01	1.5750e+01	7.5000e+00
2.7851e+01	1.5750e+01	7.5000e+00
2.7895e+01	1.5855e+01	7.5000e+00
2.7895e+01	1.5855e+01	7.5000e+00
2.8000e+01	1.6100e+01	7.5000e+00
2.8000e+01	1.6100e+01	7.5000e+00
2.8000e+01	1.6100e+01	7.5000e+00
2.8000e+01	1.6100e+01	7.5000e+00
2.8000e+01	1.6100e+01	7.5000e+00
2.8000e+01	1.6100e+01	7.5000e+00
2.8000e+01	1.6100e+01	7.5000e+00
2.8000e+01	1.6100e+01	7.5000e+00
2.8101e+01	1.6349e+01	7.5000e+00
2.8101e+01	1.6349e+01	7.5000e+00
2.8143e+01	1.6450e+01	7.5000e+00
2.8143e+01	1.6450e+01	7.5000e+00
2.8203e+01	1.6597e+01	7.5000e+00
2.8203e+01	1.6597e+01	7.5000e+00
2.8241e+01	1.6691e+01	7.5000e+00
2.8241e+01	1.6691e+01	7.5000e+00
2.8285e+01	1.6800e+01	7.5000e+00
2.8285e+01	1.6800e+01	7.5000e+00
2.8304e+01	1.6846e+01	7.5000e+00
2.8304e+01	1.6846e+01	7.5000e+00
2.8350e+01	1.6958e+01	7.5000e+00
2.8350e+01	1.6958e+01	7.5000e+00
2.8404e+01	1.7096e+01	7.5000e+00
2.8404e+01	1.7096e+01	7.5000e+00
2.8425e+01	1.7150e+01	7.5000e+00
2.8425e+01	1.7150e+01	7.5000e+00
2.8473e+01	1.7273e+01	7.5000e+00
2.8473e+01	1.7273e+01	7.5000e+00
2.8502e+01	1.7348e+01	7.5000e+00
2.8502e+01	1.7348e+01	7.5000e+00
2.8562e+01	1.7500e+01	7.5000e+00
2.8562e+01	1.7500e+01	7.5000e+00
2.8601e+01	1.7599e+01	7.5000e+00
2.8601e+01	1.7599e+01	7.5000e+00
2.8698e+01	1.7848e+01	7.5000e+00
2.8698e+01	1.7848e+01	7.5000e+00
2.8699e+01	1.7850e+01	7.5000e+00
2.8699e+01	1.7850e+01	7.5000e+00
2.8699e+01	1.7851e+01	7.5000e+00
2.8699e+01	1.7851e+01	7.5000e+00
2.8700e+01	1.7853e+01	7.5000e+00
2.8700e+01	1.7853e+01	7.5000e+00
2.8795e+01	1.8105e+01	7.5000e+00
2.8795e+01	1.8105e+01	7.5000e+00
2.8830e+01	1.8200e+01	7.5000e+00
2.8830e+01	1.8200e+01	7.5000e+00
2.8890e+01	1.8360e+01	7.5000e+00
2.8890e+01	1.8360e+01	7.5000e+00
2.8908e+01	1.8408e+01	7.5000e+00
2.8908e+01	1.8408e+01	7.5000e+00
2.8962e+01	1.8550e+01	7.5000e+00
2.8962e+01	1.8550e+01	7.5000e+00
2.8986e+01	1.8614e+01	7.5000e+00
2.8986e+01	1.8614e+01	7.5000e+00
2.9050e+01	1.8785e+01	7.5000e+00
2.9050e+01	1.8785e+01	7.5000e+00
2.9080e+01	1.8870e+01	7.5000e+00
2.9080e+01	1.8870e+01	7.5000e+00
2.9091e+01	1.8900e+01	7.5000e+00
2.9091e+01	1.8900e+01	7.5000e+00
2.9115e+01	1.8965e+01	7.5000e+00
2.9115e+01	1.8965e+01	7.5000e+00
2.9173e+01	1.9127e+01	7.5000e+00
2.9173e+01	1.9127e+01	7.5000e+00
2.9218e+01	1.9250e+01	7.5000e+00
2.9218e+01	1.9250e+01	7.5000e+00
2.9266e+01	1.9384e+01	7.5000e+00
2.9266e+01	1.9384e+01	7.5000e+00
2.9313e+01	1.9513e+01	7.5000e+00
2.9313e+01	1.9513e+01	7.5000e+00
2.9344e+01	1.9600e+01	7.5000e+00
2.9344e+01	1.9600e+01	7.5000e+00
2.9359e+01	1.9641e+01	7.5000e+00
2.9359e+01	1.9641e+01	7.5000e+00
2.9400e+01	1.9754e+01	7.5000e+00
2.9400e+01	1.9754e+01	7.5000e+00
2.9451e+01	1.9899e+01	7.5000e+00
2.9451e+01	1.9899e+01	7.5000e+00
2.9468e+01	1.9950e+01	7.5000e+00
2.9468e+01	1.9950e+01	7.5000e+00
2.9505e+01	2.0055e+01	7.5000e+00
2.9505e+01	2.0055e+01	7.5000e+00
2.9541e+01	2.0159e+01	7.5000e+00
2.9541e+01	2.0159e+01	7.5000e+00
2.9590e+01	2.0300e+01	7.5000e+00
2.9590e+01	2.0300e+01	7.5000e+00
2.9631e+01	2.0419e+01	7.5000e+00
2.9631e+01	2.0419e+01	7.5000e+00
2.9692e+01	2.0592e+01	7.5000e+00
2.9692e+01	2.0592e+01	7.5000e+00
2.9712e+01	2.0650e+01	7.5000e+00
2.9712e+01	2.0650e+01	7.5000e+00
2.9722e+01	2.0678e+01	7.5000e+00
2.9722e+01	2.0678e+01	7.5000e+00
2.9750e+01	2.0759e+01	7.5000e+00
2.9750e+01	2.0759e+01	7.5000e+00
2.9810e+01	2.0940e+01	7.5000e+00
2.9810e+01	2.0940e+01	7.5000e+00
2.9831e+01	2.1000e+01	7.5000e+00
2.9831e+01	2.1000e+01	7.5000e+00
2.9872e+01	2.1122e+01	7.5000e+00
2.9872e+01	2.1122e+01	7.5000e+00
2.9898e+01	2.1202e+01	7.5000e+00
2.9898e+01	2.1202e+01	7.5000e+00
2.9948e+01	2.1350e+01	7.5000e+00
2.9948e+01	2.1350e+01	7.5000e+00
2.9986e+01	2.1464e+01	7.5000e+00
2.9986e+01	2.1464e+01	7.5000e+00
3.0049e+01	2.1649e+01	7.5000e+00
3.0049e+01	2.1649e+01	7.5000e+00
3.0066e+01	2.1700e+01	7.5000e+00
3.0066e+01	2.1700e+01	7.5000e+00
3.0074e+01	2.1726e+01	7.5000e+00
3.0074e+01	2.1726e+01	7.5000e+00
3.0100e+01	2.1801e+01	7.5000e+00
3.0100e+01	2.1801e+01	7.5000e+00
3.0161e+01	2.1989e+01	7.5000e+00
3.0161e+01	2.1989e+01	7.5000e+00
3.0181e+01	2.2050e+01	7.5000e+00
3.0181e+01	2.2050e+01	7.5000e+00
3.0219e+01	2.2169e+01	7.5000e+00
3.0219e+01	2.2169e+01	7.5000e+00
3.0247e+01	2.2253e+01	7.5000e+00
3.0247e+01	2.2253e+01	7.5000e+00
3.0294e+01	2.2400e+01	7.5000e+00
3.0294e+01	2.2400e+01	7.5000e+00
3.0332e+01	2.2518e+01	7.5000e+00
3.0332e+01	2.2518e+01	7.5000e+00
3.0387e+01	2.2687e+01	7.5000e+00
3.0387e+01	2.2687e+01	7.5000e+00
3.0408e+01	2.2750e+01	7.5000e+00
3.0408e+01	2.2750e+01	7.5000e+00
3.0418e+01	2.2782e+01	7.5000e+00
3.0418e+01	2.2782e+01	7.5000e+00
3.0450e+01	2.2880e+01	7.5000e+00
3.0450e+01	2.2880e+01	7.5000e+00
3.0502e+01	2.3048e+01	7.5000e+00
3.0502e+01	2.3048e+01	7.5000e+00
3.0519e+01	2.3100e+01	7.5000e+00
3.0519e+01	2.3100e+01	7.5000e+00
3.0550e+01	2.3200e+01	7.5000e+00
3.0550e+01	2.3200e+01	7.5000e+00
3.0586e+01	2.3314e+01	7.5000e+00
3.0586e+01	2.3314e+01	7.5000e+00
3.0629e+01	2.3450e+01	7.5000e+00
3.0629e+01	2.3450e+01	7.5000e+00
3.0670e+01	2.3580e+01	7.5000e+00
3.0670e+01	2.3580e+01	7.5000e+00
3.0710e+01	2.3710e+01	7.5000e+00
3.0710e+01	2.3710e+01	7.5000e+00
3.0739e+01	2.3800e+01	7.5000e+00
3.0739e+01	2.3800e+01	7.5000e+00
3.0753e+01	2.3847e+01	7.5000e+00
3.0753e+01	2.3847e+01	7.5000e+00
3.0800e+01	2.3996e+01	7.5000e+00
3.0800e+01	2.3996e+01	7.5000e+00
3.0836e+01	2.4114e+01	7.5000e+00
3.0836e+01	2.4114e+01	7.5000e+00
3.0847e+01	2.4150e+01	7.5000e+00
3.0847e+01	2.4150e+01	7.5000e+00
3.0867e+01	2.4217e+01	7.5000e+00
3.0867e+01	2.4217e+01	7.5000e+00
3.0917e+01	2.4383e+01	7.5000e+00
3.0917e+01	2.4383e+01	7.5000e+00
3.0953e+01	2.4500e+01	7.5000e+00
3.0953e+01	2.4500e+01	7.5000e+00
3.0999e+01	2.4651e+01	7.5000e+00
3.0999e+01	2.4651e+01	7.5000e+00
3.1020e+01	2.4720e+01	7.5000e+00
3.1020e+01	2.4720e+01	7.5000e+00
3.1059e+01	2.4850e+01	7.5000e+00
3.1059e+01	2.4850e+01	7.5000e+00
3.1080e+01	2.4920e+01	7.5000e+00
3.1080e+01	2.4920e+01	7.5000e+00
3.1150e+01	2.5148e+01	7.5000e+00
3.1150e+01	2.5148e+01	7.5000e+00
3.1162e+01	2.5188e+01	7.5000e+00
3.1162e+01	2.5188e+01	7.5000e+00
3.1165e+01	2.5200e+01	7.5000e+00
3.1165e+01	2.5200e+01	7.5000e+00
3.1172e+01	2.5222e+01	7.5000e+00
3.1172e+01	2.5222e+01	7.5000e+00
3.1241e+01	2.5459e+01	7.5000e+00
3.1241e+01	2.5459e+01	7.5000e+00
3.1268e+01	2.5550e+01	7.5000e+00
3.1268e+01	2.5550e+01	7.5000e+00
3.1318e+01	2.5718e+01	7.5000e+00
3.1318e+01	2.5718e+01	7.5000e+00
3.1321e+01	2.5729e+01	7.5000e+00
3.1321e+01	2.5729e+01	7.5000e+00
3.1371e+01	2.5900e+01	7.5000e+00
3.1371e+01	2.5900e+01	7.5000e+00
3.1401e+01	2.5999e+01	7.5000e+00
3.1401e+01	2.5999e+01	7.5000e+00
3.1464e+01	2.6214e+01	7.5000e+00
3.1464e+01	2.6214e+01	7.5000e+00
3.1474e+01	2.6250e+01	7.5000e+00
3.1474e+01	2.6250e+01	7.5000e+00
3.1480e+01	2.6270e+01	7.5000e+00
3.1480e+01	2.6270e+01	7.5000e+00
3.1500e+01	2.6337e+01	7.5000e+00
3.1500e+01	2.6337e+01	7.5000e+00
3.1558e+01	2.6542e+01	7.5000e+00
3.1558e+01	2.6542e+01	7.5000e+00
3.1575e+01	2.6600e+01	7.5000e+00
3.1575e+01	2.6600e+01	7.5000e+00
3.1605e+01	2.6705e+01	7.5000e+00
3.1605e+01	2.6705e+01	7.5000e+00
3.1636e+01	2.6814e+01	7.5000e+00
3.1636e+01	2.6814e+01	7.5000e+00
3.1675e+01	2.6950e+01	7.5000e+00
3.1675e+01	2.6950e+01	7.5000e+00
3.1714e+01	2.7086e+01	7.5000e+00
3.1714e+01	2.7086e+01	7.5000e+00
3.1745e+01	2.7195e+01	7.5000e+00
3.1745e+01	2.7195e+01	7.5000e+00
3.1775e+01	2.7300e+01	7.5000e+00
3.1775e+01	2.7300e+01	7.5000e+00
3.1792e+01	2.7358e+01	7.5000e+00
3.1792e+01	2.7358e+01	7.5000e+00
3.1850e+01	2.7563e+01	7.5000e+00
3.1850e+01	2.7563e+01	7.5000e+00
3.1869e+01	2.7631e+01	7.5000e+00
3.1869e+01	2.7631e+01	7.5000e+00
3.1874e+01	2.7650e+01	7.5000e+00
3.1874e+01	2.7650e+01	7.5000e+00
3.1883e+01	2.7683e+01	7.5000e+00
3.1883e+01	2.7683e+01	7.5000e+00
3.1945e+01	2.7905e+01	7.5000e+00
3.1945e+01	2.7905e+01	7.5000e+00
3.1971e+01	2.8000e+01	7.5000e+00
3.1971e+01	2.8000e+01	7.5000e+00
3.2017e+01	2.8167e+01	7.5000e+00
3.2017e+01	2.8167e+01	7.5000e+00
3.2021e+01	2.8179e+01	7.5000e+00
3.2021e+01	2.8179e+01	7.5000e+00
3.2068e+01	2.8350e+01	7.5000e+00
3.2068e+01	2.8350e+01	7.5000e+00
3.2097e+01	2.8453e+01	7.5000e+00
3.2097e+01	2.8453e+01	7.5000e+00
3.2152e+01	2.8652e+01	7.5000e+00
3.2152e+01	2.8652e+01	7.5000e+00
3.2165e+01	2.8700e+01	7.5000e+00
3.2165e+01	2.8700e+01	7.5000e+00
3.2173e+01	2.8727e+01	7.5000e+00
3.2173e+01	2.8727e+01	7.5000e+00
3.2200e+01	2.8826e+01	7.5000e+00
3.2200e+01	2.8826e+01	7.5000e+00
3.2248e+01	2.9002e+01	7.5000e+00
3.2248e+01	2.9002e+01	7.5000e+00
3.2260e+01	2.9050e+01	7.5000e+00
3.2260e+01	2.9050e+01	7.5000e+00
3.2283e+01	2.9133e+01	7.5000e+00
3.2283e+01	2.9133e+01	7.5000e+00
3.2322e+01	2.9278e+01	7.5000e+00
3.2322e+01	2.9278e+01	7.5000e+00
3.2355e+01	2.9400e+01	7.5000e+00
3.2355e+01	2.9400e+01	7.5000e+00
3.2396e+01	2.9554e+01	7.5000e+00
3.2396e+01	2.9554e+01	7.5000e+00
3.2412e+01	2.9612e+01	7.5000e+00
3.2412e+01	2.9612e+01	7.5000e+00
3.2449e+01	2.9750e+01	7.5000e+00
3.2449e+01	2.9750e+01	7.5000e+00
3.2470e+01	2.9830e+01	7.5000e+00
3.2470e+01	2.9830e+01	7.5000e+00
3.2541e+01	3.0091e+01	7.5000e+00
3.2541e+01	3.0091e+01	7.5000e+00
3.2543e+01	3.0100e+01	7.5000e+00
3.2543e+01	3.0100e+01	7.5000e+00
3.2545e+01	3.0105e+01	7.5000e+00
3.2545e+01	3.0105e+01	7.5000e+00
3.2550e+01	3.0125e+01	7.5000e+00
3.2550e+01	3.0125e+01	7.5000e+00
3.2617e+01	3.0383e+01	7.5000e+00
3.2617e+01	3.0383e+01	7.5000e+00
3.2635e+01	3.0450e+01	7.5000e+00
3.2635e+01	3.0450e+01	7.5000e+00
3.2665e+01	3.0565e+01	7.5000e+00
3.2665e+01	3.0565e+01	7.5000e+00
3.2690e+01	3.0660e+01	7.5000e+00
3.2690e+01	3.0660e+01	7.5000e+00
3.2727e+01	3.0800e+01	7.5000e+00
3.2727e+01	3.0800e+01	7.5000e+00
3.2763e+01	3.0937e+01	7.5000e+00
3.2763e+01	3.0937e+01	7.5000e+00
3.2789e+01	3.1039e+01	7.5000e+00
3.2789e+01	3.1039e+01	7.5000e+00
3.2818e+01	3.1150e+01	7.5000e+00
3.2818e+01	3.1150e+01	7.5000e+00
3.2835e+01	3.1215e+01	7.5000e+00
3.2835e+01	3.1215e+01	7.5000e+00
3.2900e+01	3.1461e+01	7.5000e+00
3.2900e+01	3.1461e+01	7.5000e+00
3.2908e+01	3.1492e+01	7.5000e+00
3.2908e+01	3.1492e+01	7.5000e+00
3.2910e+01	3.1500e+01	7.5000e+00
3.2910e+01	3.1500e+01	7.5000e+00
3.2913e+01	3.1513e+01	7.5000e+00
3.2913e+01	3.1513e+01	7.5000e+00
3.2979e+01	3.1771e+01	7.5000e+00
3.2979e+01	3.1771e+01	7.5000e+00
3.2999e+01	3.1850e+01	7.5000e+00
3.2999e+01	3.1850e+01	7.5000e+00
3.3033e+01	3.1983e+01	7.5000e+00
3.3033e+01	3.1983e+01	7.5000e+00
3.3050e+01	3.2050e+01	7.5000e+00
3.3050e+01	3.2050e+01	7.5000e+00
3.3088e+01	3.2200e+01	7.5000e+00
3.3088e+01	3.2200e+01	7.5000e+00
3.3121e+01	3.2329e+01	7.5000e+00
3.3121e+01	3.2329e+01	7.5000e+00
3.3153e+01	3.2453e+01	7.5000e+00
3.3153e+01	3.2453e+01	7.5000e+00
3.3178e+01	3.2550e+01	7.5000e+00
3.3178e+01	3.2550e+01	7.5000e+00
3.3192e+01	3.2608e+01	7.5000e+00
3.3192e+01	3.2608e+01	7.5000e+00
3.3250e+01	3.2834e+01	7.5000e+00
3.3250e+01	3.2834e+01	7.5000e+00
3.3263e+01	3.2887e+01	7.5000e+00
3.3263e+01	3.2887e+01	7.5000e+00
3.3266e+01	3.2900e+01	7.5000e+00
3.3266e+01	3.2900e+01	7.5000e+00
3.3272e+01	3.2922e+01	7.5000e+00
3.3272e+01	3.2922e+01	7.5000e+00
3.3333e+01	3.3167e+01	7.5000e+00
3.3333e+01	3.3167e+01	7.5000e+00
3.3353e+01	3.3250e+01	7.5000e+00
3.3353e+01	3.3250e+01	7.5000e+00
3.3387e+01	3.3387e+01	7.5000e+00
3.3387e+01	3.3387e+01	7.5000e+00
3.3402e+01	3.3448e+01	7.5000e+00
3.3402e+01	3.3448e+01	7.5000e+00
3.3440e+01	3.3600e+01	7.5000e+00
3.3440e+01	3.3600e+01	7.5000e+00
3.3472e+01	3.3728e+01	7.5000e+00
3.3472e+01	3.3728e+01	7.5000e+00
3.3503e+01	3.3853e+01	7.5000e+00
3.3503e+01	3.3853e+01	7.5000e+00
3.3527e+01	3.3950e+01	7.5000e+00
3.3527e+01	3.3950e+01	7.5000e+00
3.3542e+01	3.4008e+01	7.5000e+00
3.3542e+01	3.4008e+01	7.5000e+00
3.3600e+01	3.4244e+01	7.5000e+00
3.3600e+01	3.4244e+01	7.5000e+00
3.3611e+01	3.4289e+01	7.5000e+00
3.3611e+01	3.4289e+01	7.5000e+00
3.3614e+01	3.4300e+01	7.5000e+00
3.3614e+01	3.4300e+01	7.5000e+00
3.3618e+01	3.4318e+01	7.5000e+00
3.3618e+01	3.4318e+01	7.5000e+00
3.3679e+01	3.4571e+01	7.5000e+00
3.3679e+01	3.4571e+01	7.5000e+00
3.3698e+01	3.4650e+01	7.5000e+00
3.3698e+01	3.4650e+01	7.5000e+00
3.3730e+01	3.4780e+01	7.5000e+00
3.3730e+01	3.4780e+01	7.5000e+00
3.3747e+01	3.4853e+01	7.5000e+00
3.3747e+01	3.4853e+01	7.5000e+00
3.3783e+01	3.5000e+01	7.5000e+00
