     X	             Y	             Z
4.3259e+00	3.2407e+00	6.0000e+00
4.4000e+00	3.1452e+00	6.0000e+00
4.3259e+00	3.2407e+00	6.0000e+00
4.2541e+00	3.3333e+00	6.0000e+00
4.4814e+00	3.1018e+00	6.0000e+00
4.6623e+00	3.0055e+00	6.0000e+00
4.6623e+00	3.0055e+00	6.0000e+00
4.6667e+00	3.0031e+00	6.0000e+00
4.4814e+00	3.1018e+00	6.0000e+00
4.4000e+00	3.1452e+00	6.0000e+00
4.6698e+00	3.0040e+00	6.0000e+00
4.8851e+00	3.0603e+00	6.0000e+00
4.8851e+00	3.0603e+00	6.0000e+00
4.9333e+00	3.0729e+00	6.0000e+00
4.6698e+00	3.0040e+00	6.0000e+00
4.6667e+00	3.0031e+00	6.0000e+00
5.0472e+00	3.1910e+00	6.0000e+00
5.1843e+00	3.3333e+00	6.0000e+00
5.0472e+00	3.1910e+00	6.0000e+00
4.9333e+00	3.0729e+00	6.0000e+00
4.0779e+00	3.5974e+00	6.0000e+00
4.1333e+00	3.4891e+00	6.0000e+00
4.0779e+00	3.5974e+00	6.0000e+00
4.0425e+00	3.6667e+00	6.0000e+00
4.1947e+00	3.4100e+00	6.0000e+00
4.2541e+00	3.3333e+00	6.0000e+00
4.1947e+00	3.4100e+00	6.0000e+00
4.1333e+00	3.4891e+00	6.0000e+00
5.1929e+00	3.3422e+00	6.0000e+00
5.1843e+00	3.3333e+00	6.0000e+00
5.1929e+00	3.3422e+00	6.0000e+00
5.2000e+00	3.3496e+00	6.0000e+00
5.3060e+00	3.5341e+00	6.0000e+00
5.3822e+00	3.6667e+00	6.0000e+00
5.3060e+00	3.5341e+00	6.0000e+00
5.2000e+00	3.3496e+00	6.0000e+00
3.9739e+00	3.8007e+00	6.0000e+00
4.0425e+00	3.6667e+00	6.0000e+00
3.8815e+00	3.9815e+00	6.0000e+00
3.8720e+00	4.0000e+00	6.0000e+00
3.8815e+00	3.9815e+00	6.0000e+00
3.9739e+00	3.8007e+00	6.0000e+00
5.4175e+00	3.7281e+00	6.0000e+00
5.3822e+00	3.6667e+00	6.0000e+00
5.4175e+00	3.7281e+00	6.0000e+00
5.4667e+00	3.8137e+00	6.0000e+00
5.5189e+00	3.9348e+00	6.0000e+00
5.5470e+00	4.0000e+00	6.0000e+00
5.5189e+00	3.9348e+00	6.0000e+00
5.4667e+00	3.8137e+00	6.0000e+00
3.7802e+00	4.2252e+00	6.0000e+00
3.8667e+00	4.0104e+00	6.0000e+00
3.7802e+00	4.2252e+00	6.0000e+00
3.7366e+00	4.3333e+00	6.0000e+00
3.8699e+00	4.0041e+00	6.0000e+00
3.8720e+00	4.0000e+00	6.0000e+00
3.8699e+00	4.0041e+00	6.0000e+00
3.8667e+00	4.0104e+00	6.0000e+00
5.6122e+00	4.1514e+00	6.0000e+00
5.5470e+00	4.0000e+00	6.0000e+00
5.6122e+00	4.1514e+00	6.0000e+00
5.6408e+00	4.2177e+00	6.0000e+00
5.6408e+00	4.2177e+00	6.0000e+00
5.6907e+00	4.3333e+00	6.0000e+00
3.6909e+00	4.4469e+00	6.0000e+00
3.7366e+00	4.3333e+00	6.0000e+00
3.6047e+00	4.6608e+00	6.0000e+00
3.6023e+00	4.6667e+00	6.0000e+00
3.6047e+00	4.6608e+00	6.0000e+00
3.6909e+00	4.4469e+00	6.0000e+00
5.7056e+00	4.3680e+00	6.0000e+00
5.6907e+00	4.3333e+00	6.0000e+00
5.7056e+00	4.3680e+00	6.0000e+00
5.7333e+00	4.4323e+00	6.0000e+00
5.7921e+00	4.5932e+00	6.0000e+00
5.8190e+00	4.6667e+00	6.0000e+00
5.7921e+00	4.5932e+00	6.0000e+00
5.7333e+00	4.4323e+00	6.0000e+00
9.9244e+00	4.5722e+00	6.0000e+00
1.0000e+01	4.3679e+00	6.0000e+00
9.9244e+00	4.5722e+00	6.0000e+00
9.8895e+00	4.6667e+00	6.0000e+00
3.5198e+00	4.8998e+00	6.0000e+00
3.6000e+00	4.6724e+00	6.0000e+00
3.5198e+00	4.8998e+00	6.0000e+00
3.4844e+00	5.0000e+00	6.0000e+00
3.6015e+00	4.6686e+00	6.0000e+00
3.6023e+00	4.6667e+00	6.0000e+00
3.6015e+00	4.6686e+00	6.0000e+00
3.6000e+00	4.6724e+00	6.0000e+00
5.8758e+00	4.8219e+00	6.0000e+00
5.8190e+00	4.6667e+00	6.0000e+00
5.8758e+00	4.8219e+00	6.0000e+00
5.8911e+00	4.8639e+00	6.0000e+00
5.8911e+00	4.8639e+00	6.0000e+00
5.9409e+00	5.0000e+00	6.0000e+00
9.8401e+00	4.8002e+00	6.0000e+00
9.8895e+00	4.6667e+00	6.0000e+00
9.7945e+00	4.9235e+00	6.0000e+00
9.7662e+00	5.0000e+00	6.0000e+00
9.7945e+00	4.9235e+00	6.0000e+00
9.8401e+00	4.8002e+00	6.0000e+00
3.4382e+00	5.1311e+00	6.0000e+00
3.4844e+00	5.0000e+00	6.0000e+00
3.3933e+00	5.2584e+00	6.0000e+00
3.3668e+00	5.3333e+00	6.0000e+00
3.3933e+00	5.2584e+00	6.0000e+00
3.4382e+00	5.1311e+00	6.0000e+00
5.9594e+00	5.0507e+00	6.0000e+00
5.9409e+00	5.0000e+00	6.0000e+00
5.9594e+00	5.0507e+00	6.0000e+00
6.0000e+00	5.1618e+00	6.0000e+00
6.0408e+00	5.2824e+00	6.0000e+00
6.0580e+00	5.3333e+00	6.0000e+00
6.0408e+00	5.2824e+00	6.0000e+00
6.0000e+00	5.1618e+00	6.0000e+00
9.6751e+00	5.2605e+00	6.0000e+00
9.7333e+00	5.0890e+00	6.0000e+00
9.6751e+00	5.2605e+00	6.0000e+00
9.6504e+00	5.3333e+00	6.0000e+00
9.7558e+00	5.0281e+00	6.0000e+00
9.7662e+00	5.0000e+00	6.0000e+00
9.7558e+00	5.0281e+00	6.0000e+00
9.7333e+00	5.0890e+00	6.0000e+00
3.5750e+00	5.3646e+00	6.0000e+00
3.3668e+00	5.3333e+00	6.0000e+00
3.5750e+00	5.3646e+00	6.0000e+00
3.6000e+00	5.3664e+00	6.0000e+00
3.6278e+00	5.3681e+00	6.0000e+00
3.8206e+00	5.3909e+00	6.0000e+00
3.8206e+00	5.3909e+00	6.0000e+00
3.8667e+00	5.3936e+00	6.0000e+00
3.6278e+00	5.3681e+00	6.0000e+00
3.6000e+00	5.3664e+00	6.0000e+00
3.9166e+00	5.3958e+00	6.0000e+00
4.0727e+00	5.4092e+00	6.0000e+00
4.0727e+00	5.4092e+00	6.0000e+00
4.1333e+00	5.4117e+00	6.0000e+00
3.9166e+00	5.3958e+00	6.0000e+00
3.8667e+00	5.3936e+00	6.0000e+00
4.1974e+00	5.4135e+00	6.0000e+00
4.3302e+00	5.4206e+00	6.0000e+00
4.3302e+00	5.4206e+00	6.0000e+00
4.4000e+00	5.4224e+00	6.0000e+00
4.1974e+00	5.4135e+00	6.0000e+00
4.1333e+00	5.4117e+00	6.0000e+00
4.4719e+00	5.4232e+00	6.0000e+00
4.5927e+00	5.4258e+00	6.0000e+00
4.5927e+00	5.4258e+00	6.0000e+00
4.6667e+00	5.4266e+00	6.0000e+00
4.4719e+00	5.4232e+00	6.0000e+00
4.4000e+00	5.4224e+00	6.0000e+00
4.7409e+00	5.4262e+00	6.0000e+00
4.8601e+00	5.4249e+00	6.0000e+00
4.8601e+00	5.4249e+00	6.0000e+00
4.9333e+00	5.4245e+00	6.0000e+00
4.7409e+00	5.4262e+00	6.0000e+00
4.6667e+00	5.4266e+00	6.0000e+00
5.0051e+00	5.4230e+00	6.0000e+00
5.1326e+00	5.4176e+00	6.0000e+00
5.1326e+00	5.4176e+00	6.0000e+00
5.2000e+00	5.4162e+00	6.0000e+00
5.0051e+00	5.4230e+00	6.0000e+00
4.9333e+00	5.4245e+00	6.0000e+00
5.2644e+00	5.4138e+00	6.0000e+00
5.4111e+00	5.4028e+00	6.0000e+00
5.4111e+00	5.4028e+00	6.0000e+00
5.4667e+00	5.4007e+00	6.0000e+00
5.2644e+00	5.4138e+00	6.0000e+00
5.2000e+00	5.4162e+00	6.0000e+00
5.5184e+00	5.3980e+00	6.0000e+00
5.6969e+00	5.3789e+00	6.0000e+00
5.6969e+00	5.3789e+00	6.0000e+00
5.7333e+00	5.3769e+00	6.0000e+00
5.5184e+00	5.3980e+00	6.0000e+00
5.4667e+00	5.4007e+00	6.0000e+00
5.7664e+00	5.3747e+00	6.0000e+00
5.9921e+00	5.3432e+00	6.0000e+00
5.9921e+00	5.3432e+00	6.0000e+00
6.0000e+00	5.3426e+00	6.0000e+00
5.7664e+00	5.3747e+00	6.0000e+00
5.7333e+00	5.3769e+00	6.0000e+00
6.0070e+00	5.3420e+00	6.0000e+00
6.0580e+00	5.3333e+00	6.0000e+00
6.0070e+00	5.3420e+00	6.0000e+00
6.0000e+00	5.3426e+00	6.0000e+00
9.7235e+00	5.3456e+00	6.0000e+00
9.6504e+00	5.3333e+00	6.0000e+00
9.7235e+00	5.3456e+00	6.0000e+00
9.7333e+00	5.3464e+00	6.0000e+00
9.7444e+00	5.3472e+00	6.0000e+00
9.9649e+00	5.3773e+00	6.0000e+00
9.9649e+00	5.3773e+00	6.0000e+00
1.0000e+01	5.3795e+00	6.0000e+00
9.7444e+00	5.3472e+00	6.0000e+00
9.7333e+00	5.3464e+00	6.0000e+00
3.4382e+00	5.1311e+00	6.0000e+00
3.4844e+00	5.0000e+00	6.0000e+00
3.3933e+00	5.2584e+00	6.0000e+00
3.3668e+00	5.3333e+00	6.0000e+00
3.3933e+00	5.2584e+00	6.0000e+00
3.4382e+00	5.1311e+00	6.0000e+00
5.9594e+00	5.0507e+00	6.0000e+00
5.9409e+00	5.0000e+00	6.0000e+00
5.9594e+00	5.0507e+00	6.0000e+00
6.0000e+00	5.1618e+00	6.0000e+00
6.0408e+00	5.2824e+00	6.0000e+00
6.0580e+00	5.3333e+00	6.0000e+00
6.0408e+00	5.2824e+00	6.0000e+00
6.0000e+00	5.1618e+00	6.0000e+00
9.6751e+00	5.2605e+00	6.0000e+00
9.7333e+00	5.0890e+00	6.0000e+00
9.6751e+00	5.2605e+00	6.0000e+00
9.6504e+00	5.3333e+00	6.0000e+00
9.7558e+00	5.0281e+00	6.0000e+00
9.7662e+00	5.0000e+00	6.0000e+00
9.7558e+00	5.0281e+00	6.0000e+00
9.7333e+00	5.0890e+00	6.0000e+00
3.2771e+00	5.5963e+00	6.0000e+00
3.3333e+00	5.4283e+00	6.0000e+00
3.2771e+00	5.5963e+00	6.0000e+00
3.2535e+00	5.6667e+00	6.0000e+00
3.3566e+00	5.3624e+00	6.0000e+00
3.3668e+00	5.3333e+00	6.0000e+00
3.3566e+00	5.3624e+00	6.0000e+00
3.3333e+00	5.4283e+00	6.0000e+00
6.1005e+00	5.4589e+00	6.0000e+00
6.0580e+00	5.3333e+00	6.0000e+00
6.1200e+00	5.5167e+00	6.0000e+00
6.1707e+00	5.6667e+00	6.0000e+00
6.1200e+00	5.5167e+00	6.0000e+00
6.1005e+00	5.4589e+00	6.0000e+00
9.5956e+00	5.4945e+00	6.0000e+00
9.6504e+00	5.3333e+00	6.0000e+00
9.5892e+00	5.5135e+00	6.0000e+00
9.5372e+00	5.6667e+00	6.0000e+00
9.5892e+00	5.5135e+00	6.0000e+00
9.5956e+00	5.4945e+00	6.0000e+00
3.1984e+00	5.8313e+00	6.0000e+00
3.2535e+00	5.6667e+00	6.0000e+00
3.1960e+00	5.8383e+00	6.0000e+00
3.1419e+00	6.0000e+00	6.0000e+00
3.1960e+00	5.8383e+00	6.0000e+00
3.1984e+00	5.8313e+00	6.0000e+00
6.1992e+00	5.7510e+00	6.0000e+00
6.1707e+00	5.6667e+00	6.0000e+00
6.1992e+00	5.7510e+00	6.0000e+00
6.2667e+00	5.9504e+00	6.0000e+00
6.2784e+00	5.9853e+00	6.0000e+00
6.2833e+00	6.0000e+00	6.0000e+00
6.2784e+00	5.9853e+00	6.0000e+00
6.2667e+00	5.9504e+00	6.0000e+00
9.4370e+00	5.9629e+00	6.0000e+00
9.4667e+00	5.8744e+00	6.0000e+00
9.4370e+00	5.9629e+00	6.0000e+00
9.4245e+00	6.0000e+00	6.0000e+00
9.5162e+00	5.7286e+00	6.0000e+00
9.5372e+00	5.6667e+00	6.0000e+00
9.5162e+00	5.7286e+00	6.0000e+00
9.4667e+00	5.8744e+00	6.0000e+00
3.0406e+00	6.3008e+00	6.0000e+00
3.0667e+00	6.2246e+00	6.0000e+00
3.0406e+00	6.3008e+00	6.0000e+00
3.0295e+00	6.3333e+00	6.0000e+00
3.1197e+00	6.0663e+00	6.0000e+00
3.1419e+00	6.0000e+00	6.0000e+00
3.1197e+00	6.0663e+00	6.0000e+00
3.0667e+00	6.2246e+00	6.0000e+00
6.2955e+00	6.0360e+00	6.0000e+00
6.2833e+00	6.0000e+00	6.0000e+00
6.3574e+00	6.2199e+00	6.0000e+00
6.3956e+00	6.3333e+00	6.0000e+00
6.3574e+00	6.2199e+00	6.0000e+00
6.2955e+00	6.0360e+00	6.0000e+00
9.3940e+00	6.0908e+00	6.0000e+00
9.4245e+00	6.0000e+00	6.0000e+00
9.3940e+00	6.0908e+00	6.0000e+00
9.3581e+00	6.1977e+00	6.0000e+00
9.3581e+00	6.1977e+00	6.0000e+00
9.3126e+00	6.3333e+00	6.0000e+00
3.0018e+00	6.4144e+00	6.0000e+00
3.0295e+00	6.3333e+00	6.0000e+00
3.0018e+00	6.4144e+00	6.0000e+00
2.9608e+00	6.5343e+00	6.0000e+00
2.9608e+00	6.5343e+00	6.0000e+00
2.9156e+00	6.6667e+00	6.0000e+00
6.4364e+00	6.4546e+00	6.0000e+00
6.3956e+00	6.3333e+00	6.0000e+00
6.4364e+00	6.4546e+00	6.0000e+00
6.4892e+00	6.6115e+00	6.0000e+00
6.4892e+00	6.6115e+00	6.0000e+00
6.5078e+00	6.6667e+00	6.0000e+00
9.2793e+00	6.4325e+00	6.0000e+00
9.3126e+00	6.3333e+00	6.0000e+00
9.2012e+00	6.6652e+00	6.0000e+00
9.2007e+00	6.6667e+00	6.0000e+00
9.2012e+00	6.6652e+00	6.0000e+00
9.2793e+00	6.4325e+00	6.0000e+00
2.8810e+00	6.7679e+00	6.0000e+00
2.9156e+00	6.6667e+00	6.0000e+00
2.8030e+00	6.9963e+00	6.0000e+00
2.8017e+00	7.0000e+00	6.0000e+00
2.8030e+00	6.9963e+00	6.0000e+00
2.8810e+00	6.7679e+00	6.0000e+00
6.5153e+00	6.6892e+00	6.0000e+00
6.5078e+00	6.6667e+00	6.0000e+00
6.5153e+00	6.6892e+00	6.0000e+00
6.5333e+00	6.7426e+00	6.0000e+00
6.5973e+00	6.9201e+00	6.0000e+00
6.6261e+00	7.0000e+00	6.0000e+00
6.5973e+00	6.9201e+00	6.0000e+00
6.5333e+00	6.7426e+00	6.0000e+00
9.1182e+00	6.8978e+00	6.0000e+00
9.2000e+00	6.6687e+00	6.0000e+00
9.1182e+00	6.8978e+00	6.0000e+00
9.0817e+00	7.0000e+00	6.0000e+00
9.2005e+00	6.6673e+00	6.0000e+00
9.2007e+00	6.6667e+00	6.0000e+00
9.2005e+00	6.6673e+00	6.0000e+00
9.2000e+00	6.6687e+00	6.0000e+00
2.7160e+00	7.2284e+00	6.0000e+00
2.8000e+00	7.0050e+00	6.0000e+00
2.7160e+00	7.2284e+00	6.0000e+00
2.6766e+00	7.3333e+00	6.0000e+00
2.8012e+00	7.0015e+00	6.0000e+00
2.8017e+00	7.0000e+00	6.0000e+00
2.8012e+00	7.0015e+00	6.0000e+00
2.8000e+00	7.0050e+00	6.0000e+00
6.6801e+00	7.1498e+00	6.0000e+00
6.6261e+00	7.0000e+00	6.0000e+00
6.6801e+00	7.1498e+00	6.0000e+00
6.7022e+00	7.2111e+00	6.0000e+00
6.7022e+00	7.2111e+00	6.0000e+00
6.7463e+00	7.3333e+00	6.0000e+00
9.0359e+00	7.1283e+00	6.0000e+00
9.0817e+00	7.0000e+00	6.0000e+00
8.9864e+00	7.2670e+00	6.0000e+00
8.9627e+00	7.3333e+00	6.0000e+00
8.9864e+00	7.2670e+00	6.0000e+00
9.0359e+00	7.1283e+00	6.0000e+00
2.6308e+00	7.4551e+00	6.0000e+00
2.6766e+00	7.3333e+00	6.0000e+00
2.5671e+00	7.6244e+00	6.0000e+00
2.5512e+00	7.6667e+00	6.0000e+00
2.5671e+00	7.6244e+00	6.0000e+00
2.6308e+00	7.4551e+00	6.0000e+00
6.7630e+00	7.3796e+00	6.0000e+00
6.7463e+00	7.3333e+00	6.0000e+00
6.7630e+00	7.3796e+00	6.0000e+00
6.8000e+00	7.4823e+00	6.0000e+00
6.8508e+00	7.6032e+00	6.0000e+00
6.8774e+00	7.6667e+00	6.0000e+00
6.8508e+00	7.6032e+00	6.0000e+00
6.8000e+00	7.4823e+00	6.0000e+00
8.8651e+00	7.5813e+00	6.0000e+00
8.9333e+00	7.4157e+00	6.0000e+00
8.8651e+00	7.5813e+00	6.0000e+00
8.8299e+00	7.6667e+00	6.0000e+00
8.9537e+00	7.3587e+00	6.0000e+00
8.9627e+00	7.3333e+00	6.0000e+00
8.9537e+00	7.3587e+00	6.0000e+00
8.9333e+00	7.4157e+00	6.0000e+00
2.4507e+00	7.8967e+00	6.0000e+00
2.5333e+00	7.7143e+00	6.0000e+00
2.4507e+00	7.8967e+00	6.0000e+00
2.4038e+00	8.0000e+00	6.0000e+00
2.5455e+00	7.6819e+00	6.0000e+00
2.5512e+00	7.6667e+00	6.0000e+00
2.5455e+00	7.6819e+00	6.0000e+00
2.5333e+00	7.7143e+00	6.0000e+00
6.9426e+00	7.8218e+00	6.0000e+00
6.8774e+00	7.6667e+00	6.0000e+00
6.9426e+00	7.8218e+00	6.0000e+00
6.9630e+00	7.8704e+00	6.0000e+00
6.9630e+00	7.8704e+00	6.0000e+00
7.0174e+00	8.0000e+00	6.0000e+00
8.7744e+00	7.8013e+00	6.0000e+00
8.8299e+00	7.6667e+00	6.0000e+00
8.7199e+00	7.9334e+00	6.0000e+00
8.6925e+00	8.0000e+00	6.0000e+00
8.7199e+00	7.9334e+00	6.0000e+00
8.7744e+00	7.8013e+00	6.0000e+00
2.2558e+00	8.3198e+00	6.0000e+00
2.2667e+00	8.3025e+00	6.0000e+00
2.2558e+00	8.3198e+00	6.0000e+00
2.2473e+00	8.3333e+00	6.0000e+00
2.3542e+00	8.1094e+00	6.0000e+00
2.4038e+00	8.0000e+00	6.0000e+00
2.3542e+00	8.1094e+00	6.0000e+00
2.2667e+00	8.3025e+00	6.0000e+00
7.0344e+00	8.0404e+00	6.0000e+00
7.0174e+00	8.0000e+00	6.0000e+00
7.0344e+00	8.0404e+00	6.0000e+00
7.0667e+00	8.1173e+00	6.0000e+00
7.1371e+00	8.2453e+00	6.0000e+00
7.1854e+00	8.3333e+00	6.0000e+00
7.1371e+00	8.2453e+00	6.0000e+00
7.0667e+00	8.1173e+00	6.0000e+00
8.5802e+00	8.2252e+00	6.0000e+00
8.6667e+00	8.0627e+00	6.0000e+00
8.5802e+00	8.2252e+00	6.0000e+00
8.5226e+00	8.3333e+00	6.0000e+00
8.6837e+00	8.0213e+00	6.0000e+00
8.6925e+00	8.0000e+00	6.0000e+00
8.6837e+00	8.0213e+00	6.0000e+00
8.6667e+00	8.0627e+00	6.0000e+00
2.1773e+00	8.4450e+00	6.0000e+00
2.2473e+00	8.3333e+00	6.0000e+00
2.1773e+00	8.4450e+00	6.0000e+00
2.1387e+00	8.5067e+00	6.0000e+00
2.1387e+00	8.5067e+00	6.0000e+00
2.0384e+00	8.6667e+00	6.0000e+00
7.2456e+00	8.4429e+00	6.0000e+00
7.1854e+00	8.3333e+00	6.0000e+00
7.2456e+00	8.4429e+00	6.0000e+00
7.3333e+00	8.6025e+00	6.0000e+00
7.3603e+00	8.6330e+00	6.0000e+00
7.3901e+00	8.6667e+00	6.0000e+00
7.3603e+00	8.6330e+00	6.0000e+00
7.3333e+00	8.6025e+00	6.0000e+00
8.3580e+00	8.6142e+00	6.0000e+00
8.4000e+00	8.5638e+00	6.0000e+00
8.3580e+00	8.6142e+00	6.0000e+00
8.3142e+00	8.6667e+00	6.0000e+00
8.4736e+00	8.4254e+00	6.0000e+00
8.5226e+00	8.3333e+00	6.0000e+00
8.4736e+00	8.4254e+00	6.0000e+00
8.4000e+00	8.5638e+00	6.0000e+00
2.0215e+00	8.6936e+00	6.0000e+00
2.0384e+00	8.6667e+00	6.0000e+00
2.0215e+00	8.6936e+00	6.0000e+00
2.0000e+00	8.7279e+00	6.0000e+00
7.5004e+00	8.7912e+00	6.0000e+00
7.3901e+00	8.6667e+00	6.0000e+00
7.5004e+00	8.7912e+00	6.0000e+00
7.6000e+00	8.9038e+00	6.0000e+00
7.8664e+00	8.9997e+00	6.0000e+00
7.8667e+00	8.9998e+00	6.0000e+00
7.8664e+00	8.9997e+00	6.0000e+00
7.6598e+00	8.9253e+00	6.0000e+00
7.6598e+00	8.9253e+00	6.0000e+00
7.6000e+00	8.9038e+00	6.0000e+00
8.0643e+00	8.9137e+00	6.0000e+00
8.1333e+00	8.8837e+00	6.0000e+00
8.0643e+00	8.9137e+00	6.0000e+00
7.8670e+00	8.9996e+00	6.0000e+00
7.8670e+00	8.9996e+00	6.0000e+00
7.8667e+00	8.9998e+00	6.0000e+00
8.2219e+00	8.7774e+00	6.0000e+00
8.3142e+00	8.6667e+00	6.0000e+00
8.2219e+00	8.7774e+00	6.0000e+00
8.1333e+00	8.8837e+00	6.0000e+00
2.0579e+00	1.0406e+01	6.0000e+00
2.2010e+00	1.0415e+01	6.0000e+00
2.2010e+00	1.0415e+01	6.0000e+00
2.2667e+00	1.0418e+01	6.0000e+00
2.0579e+00	1.0406e+01	6.0000e+00
2.0000e+00	1.0404e+01	6.0000e+00
2.3367e+00	1.0421e+01	6.0000e+00
2.4550e+00	1.0431e+01	6.0000e+00
2.4550e+00	1.0431e+01	6.0000e+00
2.5333e+00	1.0435e+01	6.0000e+00
2.3367e+00	1.0421e+01	6.0000e+00
2.2667e+00	1.0418e+01	6.0000e+00
2.6178e+00	1.0439e+01	6.0000e+00
2.7083e+00	1.0448e+01	6.0000e+00
2.7083e+00	1.0448e+01	6.0000e+00
2.8000e+00	1.0452e+01	6.0000e+00
2.6178e+00	1.0439e+01	6.0000e+00
2.5333e+00	1.0435e+01	6.0000e+00
2.8993e+00	1.0457e+01	6.0000e+00
2.9623e+00	1.0464e+01	6.0000e+00
2.9623e+00	1.0464e+01	6.0000e+00
3.0667e+00	1.0469e+01	6.0000e+00
2.8993e+00	1.0457e+01	6.0000e+00
2.8000e+00	1.0452e+01	6.0000e+00
3.1795e+00	1.0474e+01	6.0000e+00
3.2176e+00	1.0478e+01	6.0000e+00
3.2176e+00	1.0478e+01	6.0000e+00
3.3333e+00	1.0483e+01	6.0000e+00
3.1795e+00	1.0474e+01	6.0000e+00
3.0667e+00	1.0469e+01	6.0000e+00
3.4576e+00	1.0489e+01	6.0000e+00
3.4746e+00	1.0490e+01	6.0000e+00
3.4746e+00	1.0490e+01	6.0000e+00
3.6000e+00	1.0495e+01	6.0000e+00
3.4576e+00	1.0489e+01	6.0000e+00
3.3333e+00	1.0483e+01	6.0000e+00
3.7332e+00	1.0500e+01	6.0000e+00
3.7334e+00	1.0500e+01	6.0000e+00
3.7334e+00	1.0500e+01	6.0000e+00
3.8667e+00	1.0504e+01	6.0000e+00
3.7332e+00	1.0500e+01	6.0000e+00
3.6000e+00	1.0495e+01	6.0000e+00
4.0062e+00	1.0508e+01	6.0000e+00
4.1333e+00	1.0511e+01	6.0000e+00
4.0062e+00	1.0508e+01	6.0000e+00
3.9938e+00	1.0508e+01	6.0000e+00
3.9938e+00	1.0508e+01	6.0000e+00
3.8667e+00	1.0504e+01	6.0000e+00
4.2771e+00	1.0513e+01	6.0000e+00
4.4000e+00	1.0515e+01	6.0000e+00
4.2771e+00	1.0513e+01	6.0000e+00
4.2563e+00	1.0513e+01	6.0000e+00
4.2563e+00	1.0513e+01	6.0000e+00
4.1333e+00	1.0511e+01	6.0000e+00
4.5460e+00	1.0516e+01	6.0000e+00
4.6667e+00	1.0517e+01	6.0000e+00
4.5460e+00	1.0516e+01	6.0000e+00
4.5207e+00	1.0516e+01	6.0000e+00
4.5207e+00	1.0516e+01	6.0000e+00
4.4000e+00	1.0515e+01	6.0000e+00
4.8130e+00	1.0516e+01	6.0000e+00
4.9333e+00	1.0516e+01	6.0000e+00
4.8130e+00	1.0516e+01	6.0000e+00
4.7870e+00	1.0516e+01	6.0000e+00
4.7870e+00	1.0516e+01	6.0000e+00
4.6667e+00	1.0517e+01	6.0000e+00
5.0781e+00	1.0514e+01	6.0000e+00
5.2000e+00	1.0513e+01	6.0000e+00
5.0781e+00	1.0514e+01	6.0000e+00
5.0553e+00	1.0514e+01	6.0000e+00
5.0553e+00	1.0514e+01	6.0000e+00
4.9333e+00	1.0516e+01	6.0000e+00
5.3412e+00	1.0510e+01	6.0000e+00
5.4667e+00	1.0507e+01	6.0000e+00
5.3412e+00	1.0510e+01	6.0000e+00
5.3255e+00	1.0510e+01	6.0000e+00
5.3255e+00	1.0510e+01	6.0000e+00
5.2000e+00	1.0513e+01	6.0000e+00
5.6023e+00	1.0503e+01	6.0000e+00
5.7333e+00	1.0499e+01	6.0000e+00
5.6023e+00	1.0503e+01	6.0000e+00
5.5977e+00	1.0503e+01	6.0000e+00
5.5977e+00	1.0503e+01	6.0000e+00
5.4667e+00	1.0507e+01	6.0000e+00
5.8616e+00	1.0494e+01	6.0000e+00
5.8724e+00	1.0493e+01	6.0000e+00
5.8724e+00	1.0493e+01	6.0000e+00
6.0000e+00	1.0488e+01	6.0000e+00
5.8616e+00	1.0494e+01	6.0000e+00
5.7333e+00	1.0499e+01	6.0000e+00
6.1192e+00	1.0482e+01	6.0000e+00
6.1497e+00	1.0480e+01	6.0000e+00
6.1497e+00	1.0480e+01	6.0000e+00
6.2667e+00	1.0474e+01	6.0000e+00
6.1192e+00	1.0482e+01	6.0000e+00
6.0000e+00	1.0488e+01	6.0000e+00
6.3751e+00	1.0469e+01	6.0000e+00
6.4292e+00	1.0464e+01	6.0000e+00
6.4292e+00	1.0464e+01	6.0000e+00
6.5333e+00	1.0458e+01	6.0000e+00
6.3751e+00	1.0469e+01	6.0000e+00
6.2667e+00	1.0474e+01	6.0000e+00
6.6295e+00	1.0453e+01	6.0000e+00
6.7104e+00	1.0445e+01	6.0000e+00
6.7104e+00	1.0445e+01	6.0000e+00
6.8000e+00	1.0441e+01	6.0000e+00
6.6295e+00	1.0453e+01	6.0000e+00
6.5333e+00	1.0458e+01	6.0000e+00
6.8829e+00	1.0437e+01	6.0000e+00
6.9918e+00	1.0427e+01	6.0000e+00
6.9918e+00	1.0427e+01	6.0000e+00
7.0667e+00	1.0423e+01	6.0000e+00
6.8829e+00	1.0437e+01	6.0000e+00
6.8000e+00	1.0441e+01	6.0000e+00
7.1365e+00	1.0421e+01	6.0000e+00
7.2717e+00	1.0410e+01	6.0000e+00
7.2717e+00	1.0410e+01	6.0000e+00
7.3333e+00	1.0408e+01	6.0000e+00
7.1365e+00	1.0421e+01	6.0000e+00
7.0667e+00	1.0423e+01	6.0000e+00
7.3919e+00	1.0407e+01	6.0000e+00
7.5476e+00	1.0399e+01	6.0000e+00
7.5476e+00	1.0399e+01	6.0000e+00
7.6000e+00	1.0397e+01	6.0000e+00
7.3919e+00	1.0407e+01	6.0000e+00
7.3333e+00	1.0408e+01	6.0000e+00
7.6510e+00	1.0397e+01	6.0000e+00
7.8179e+00	1.0394e+01	6.0000e+00
7.8179e+00	1.0394e+01	6.0000e+00
7.8667e+00	1.0394e+01	6.0000e+00
7.6510e+00	1.0397e+01	6.0000e+00
7.6000e+00	1.0397e+01	6.0000e+00
7.9155e+00	1.0394e+01	6.0000e+00
8.0818e+00	1.0398e+01	6.0000e+00
8.0818e+00	1.0398e+01	6.0000e+00
8.1333e+00	1.0398e+01	6.0000e+00
7.9155e+00	1.0394e+01	6.0000e+00
7.8667e+00	1.0394e+01	6.0000e+00
8.1864e+00	1.0400e+01	6.0000e+00
8.3405e+00	1.0408e+01	6.0000e+00
8.3405e+00	1.0408e+01	6.0000e+00
8.4000e+00	1.0409e+01	6.0000e+00
8.1864e+00	1.0400e+01	6.0000e+00
8.1333e+00	1.0398e+01	6.0000e+00
8.4628e+00	1.0412e+01	6.0000e+00
8.5956e+00	1.0422e+01	6.0000e+00
8.5956e+00	1.0422e+01	6.0000e+00
8.6667e+00	1.0425e+01	6.0000e+00
8.4628e+00	1.0412e+01	6.0000e+00
8.4000e+00	1.0409e+01	6.0000e+00
8.7429e+00	1.0429e+01	6.0000e+00
8.8491e+00	1.0439e+01	6.0000e+00
8.8491e+00	1.0439e+01	6.0000e+00
8.9333e+00	1.0442e+01	6.0000e+00
8.7429e+00	1.0429e+01	6.0000e+00
8.6667e+00	1.0425e+01	6.0000e+00
9.0244e+00	1.0447e+01	6.0000e+00
9.1026e+00	1.0455e+01	6.0000e+00
9.1026e+00	1.0455e+01	6.0000e+00
9.2000e+00	1.0460e+01	6.0000e+00
9.0244e+00	1.0447e+01	6.0000e+00
8.9333e+00	1.0442e+01	6.0000e+00
9.3054e+00	1.0465e+01	6.0000e+00
9.3571e+00	1.0470e+01	6.0000e+00
9.3571e+00	1.0470e+01	6.0000e+00
9.4667e+00	1.0475e+01	6.0000e+00
9.3054e+00	1.0465e+01	6.0000e+00
9.2000e+00	1.0460e+01	6.0000e+00
9.5848e+00	1.0481e+01	6.0000e+00
9.6132e+00	1.0484e+01	6.0000e+00
9.6132e+00	1.0484e+01	6.0000e+00
9.7333e+00	1.0489e+01	6.0000e+00
9.5848e+00	1.0481e+01	6.0000e+00
9.4667e+00	1.0475e+01	6.0000e+00
9.8618e+00	1.0494e+01	6.0000e+00
9.8709e+00	1.0495e+01	6.0000e+00
9.8709e+00	1.0495e+01	6.0000e+00
1.0000e+01	1.0500e+01	6.0000e+00
9.8618e+00	1.0494e+01	6.0000e+00
9.7333e+00	1.0489e+01	6.0000e+00
6.2667e+00	1.3333e+01	6.0000e+00
6.5333e+00	1.3333e+01	6.0000e+00
6.5333e+00	1.3333e+01	6.0000e+00
6.5333e+00	1.3333e+01	6.0000e+00
6.2667e+00	1.3667e+01	6.0000e+00
6.2667e+00	1.3667e+01	6.0000e+00
6.2667e+00	1.3667e+01	6.0000e+00
6.2667e+00	1.3333e+01	6.0000e+00
6.5333e+00	1.3333e+01	6.0000e+00
6.8000e+00	1.3333e+01	6.0000e+00
6.8000e+00	1.3333e+01	6.0000e+00
6.8000e+00	1.3667e+01	6.0000e+00
6.8000e+00	1.3667e+01	6.0000e+00
6.8000e+00	1.3667e+01	6.0000e+00
6.5333e+00	1.3333e+01	6.0000e+00
6.5333e+00	1.3333e+01	6.0000e+00
3.8667e+00	1.3667e+01	6.0000e+00
4.1333e+00	1.3667e+01	6.0000e+00
4.1333e+00	1.3667e+01	6.0000e+00
4.1333e+00	1.3667e+01	6.0000e+00
3.8667e+00	1.4000e+01	6.0000e+00
3.8667e+00	1.4000e+01	6.0000e+00
3.8667e+00	1.4000e+01	6.0000e+00
3.8667e+00	1.3667e+01	6.0000e+00
4.1333e+00	1.3667e+01	6.0000e+00
4.4000e+00	1.3667e+01	6.0000e+00
4.4000e+00	1.3667e+01	6.0000e+00
4.4000e+00	1.4000e+01	6.0000e+00
4.4000e+00	1.4000e+01	6.0000e+00
4.4000e+00	1.4000e+01	6.0000e+00
4.1333e+00	1.3667e+01	6.0000e+00
4.1333e+00	1.3667e+01	6.0000e+00
5.7333e+00	1.3667e+01	6.0000e+00
6.0000e+00	1.3667e+01	6.0000e+00
6.0000e+00	1.3667e+01	6.0000e+00
6.0000e+00	1.3667e+01	6.0000e+00
5.7333e+00	1.4000e+01	6.0000e+00
5.7333e+00	1.4000e+01	6.0000e+00
5.7333e+00	1.4000e+01	6.0000e+00
5.7333e+00	1.3667e+01	6.0000e+00
6.0000e+00	1.3667e+01	6.0000e+00
6.2667e+00	1.3667e+01	6.0000e+00
6.2667e+00	1.3667e+01	6.0000e+00
6.2667e+00	1.4000e+01	6.0000e+00
6.2667e+00	1.4000e+01	6.0000e+00
6.2667e+00	1.4000e+01	6.0000e+00
6.0000e+00	1.3667e+01	6.0000e+00
6.0000e+00	1.3667e+01	6.0000e+00
6.2667e+00	1.3667e+01	6.0000e+00
6.2667e+00	1.3667e+01	6.0000e+00
6.5333e+00	1.4000e+01	6.0000e+00
6.5333e+00	1.4000e+01	6.0000e+00
6.5333e+00	1.4000e+01	6.0000e+00
6.2667e+00	1.4000e+01	6.0000e+00
6.2667e+00	1.4000e+01	6.0000e+00
6.2667e+00	1.3667e+01	6.0000e+00
6.8000e+00	1.3667e+01	6.0000e+00
6.8000e+00	1.3667e+01	6.0000e+00
6.8000e+00	1.3667e+01	6.0000e+00
6.8000e+00	1.4000e+01	6.0000e+00
6.8000e+00	1.4000e+01	6.0000e+00
6.5333e+00	1.4000e+01	6.0000e+00
6.5333e+00	1.4000e+01	6.0000e+00
6.5333e+00	1.4000e+01	6.0000e+00
7.6000e+00	1.3667e+01	6.0000e+00
7.8667e+00	1.3667e+01	6.0000e+00
7.8667e+00	1.3667e+01	6.0000e+00
7.8667e+00	1.3667e+01	6.0000e+00
7.6000e+00	1.4000e+01	6.0000e+00
7.6000e+00	1.4000e+01	6.0000e+00
7.6000e+00	1.4000e+01	6.0000e+00
7.6000e+00	1.3667e+01	6.0000e+00
7.8667e+00	1.3667e+01	6.0000e+00
8.1333e+00	1.3667e+01	6.0000e+00
8.1333e+00	1.3667e+01	6.0000e+00
8.1333e+00	1.3667e+01	6.0000e+00
7.8667e+00	1.3667e+01	6.0000e+00
7.8667e+00	1.3667e+01	6.0000e+00
8.1333e+00	1.3667e+01	6.0000e+00
8.4000e+00	1.3667e+01	6.0000e+00
8.4000e+00	1.3667e+01	6.0000e+00
8.4000e+00	1.4000e+01	6.0000e+00
8.4000e+00	1.4000e+01	6.0000e+00
8.4000e+00	1.4000e+01	6.0000e+00
8.1333e+00	1.3667e+01	6.0000e+00
8.1333e+00	1.3667e+01	6.0000e+00
9.9515e+00	1.3939e+01	6.0000e+00
1.0000e+01	1.3909e+01	6.0000e+00
9.9515e+00	1.3939e+01	6.0000e+00
9.9272e+00	1.4000e+01	6.0000e+00
3.8667e+00	1.4000e+01	6.0000e+00
3.8667e+00	1.4000e+01	6.0000e+00
4.1333e+00	1.4333e+01	6.0000e+00
4.1333e+00	1.4333e+01	6.0000e+00
4.1333e+00	1.4333e+01	6.0000e+00
3.8667e+00	1.4333e+01	6.0000e+00
3.8667e+00	1.4333e+01	6.0000e+00
3.8667e+00	1.4000e+01	6.0000e+00
4.4000e+00	1.4000e+01	6.0000e+00
4.4000e+00	1.4000e+01	6.0000e+00
4.4000e+00	1.4000e+01	6.0000e+00
4.4000e+00	1.4333e+01	6.0000e+00
4.4000e+00	1.4333e+01	6.0000e+00
4.1333e+00	1.4333e+01	6.0000e+00
4.1333e+00	1.4333e+01	6.0000e+00
4.1333e+00	1.4333e+01	6.0000e+00
4.9333e+00	1.4000e+01	6.0000e+00
5.2000e+00	1.4000e+01	6.0000e+00
5.2000e+00	1.4000e+01	6.0000e+00
5.2000e+00	1.4000e+01	6.0000e+00
4.9333e+00	1.4333e+01	6.0000e+00
4.9333e+00	1.4333e+01	6.0000e+00
4.9333e+00	1.4333e+01	6.0000e+00
4.9333e+00	1.4000e+01	6.0000e+00
5.2000e+00	1.4000e+01	6.0000e+00
5.4667e+00	1.4000e+01	6.0000e+00
5.4667e+00	1.4000e+01	6.0000e+00
5.4667e+00	1.4333e+01	6.0000e+00
5.4667e+00	1.4333e+01	6.0000e+00
5.4667e+00	1.4333e+01	6.0000e+00
5.2000e+00	1.4000e+01	6.0000e+00
5.2000e+00	1.4000e+01	6.0000e+00
5.7333e+00	1.4000e+01	6.0000e+00
5.7333e+00	1.4000e+01	6.0000e+00
6.0000e+00	1.4333e+01	6.0000e+00
6.0000e+00	1.4333e+01	6.0000e+00
6.0000e+00	1.4333e+01	6.0000e+00
5.7333e+00	1.4333e+01	6.0000e+00
5.7333e+00	1.4333e+01	6.0000e+00
5.7333e+00	1.4000e+01	6.0000e+00
6.2667e+00	1.4000e+01	6.0000e+00
6.2667e+00	1.4000e+01	6.0000e+00
6.2667e+00	1.4000e+01	6.0000e+00
6.2667e+00	1.4333e+01	6.0000e+00
6.2667e+00	1.4333e+01	6.0000e+00
6.0000e+00	1.4333e+01	6.0000e+00
6.0000e+00	1.4333e+01	6.0000e+00
6.0000e+00	1.4333e+01	6.0000e+00
7.6000e+00	1.4000e+01	6.0000e+00
7.6000e+00	1.4000e+01	6.0000e+00
7.8667e+00	1.4333e+01	6.0000e+00
7.8667e+00	1.4333e+01	6.0000e+00
7.8667e+00	1.4333e+01	6.0000e+00
7.6000e+00	1.4333e+01	6.0000e+00
7.6000e+00	1.4333e+01	6.0000e+00
7.6000e+00	1.4000e+01	6.0000e+00
8.1333e+00	1.4333e+01	6.0000e+00
8.1333e+00	1.4333e+01	6.0000e+00
8.1333e+00	1.4333e+01	6.0000e+00
7.8667e+00	1.4333e+01	6.0000e+00
7.8667e+00	1.4333e+01	6.0000e+00
7.8667e+00	1.4333e+01	6.0000e+00
8.4000e+00	1.4000e+01	6.0000e+00
8.4000e+00	1.4000e+01	6.0000e+00
8.4000e+00	1.4000e+01	6.0000e+00
8.4000e+00	1.4333e+01	6.0000e+00
8.4000e+00	1.4333e+01	6.0000e+00
8.1333e+00	1.4333e+01	6.0000e+00
8.1333e+00	1.4333e+01	6.0000e+00
8.1333e+00	1.4333e+01	6.0000e+00
9.9515e+00	1.4061e+01	6.0000e+00
9.9272e+00	1.4000e+01	6.0000e+00
9.9515e+00	1.4061e+01	6.0000e+00
1.0000e+01	1.4091e+01	6.0000e+00
4.9333e+00	1.4333e+01	6.0000e+00
4.9333e+00	1.4333e+01	6.0000e+00
5.2000e+00	1.4667e+01	6.0000e+00
5.2000e+00	1.4667e+01	6.0000e+00
5.2000e+00	1.4667e+01	6.0000e+00
4.9333e+00	1.4667e+01	6.0000e+00
4.9333e+00	1.4667e+01	6.0000e+00
4.9333e+00	1.4333e+01	6.0000e+00
5.4667e+00	1.4333e+01	6.0000e+00
5.4667e+00	1.4333e+01	6.0000e+00
5.4667e+00	1.4333e+01	6.0000e+00
5.4667e+00	1.4667e+01	6.0000e+00
5.4667e+00	1.4667e+01	6.0000e+00
5.2000e+00	1.4667e+01	6.0000e+00
5.2000e+00	1.4667e+01	6.0000e+00
5.2000e+00	1.4667e+01	6.0000e+00
