0.009653786000000001
0.010746193999999999
0.011713916000000001
0.012711476000000001
0.015435650999999998
0.01851343
0.019466786
0.019061293
0.027386592
0.024316883000000004
0.032961699
0.03401701800000001
0.037216002000000005
0.033018625
0.035563686
0.040149855000000005
0.037937667999999994
0.035853938
0.04451525
0.045930846000000004
0.043364727
0.043124933
0.04465467299999999
0.04574560400000001
0.037092088
0.046560734
0.046482688
0.049686232
0.051459245
0.048314917
0.068434694
0.08289385000000002
0.097133882
0.110822466
0.11532990500000002
0.13847205
0.152371119
0.20637903200000002
0.26451962100000004
0.338339081
0.39921044399999994
0.46532325699999993
0.5358049260000001
0.65400738
0.802107861
0.8755000869999999
1.029088321
1.147173035
1.24587011
1.39644819
1.4778186299999998
1.64054392
1.7696902
1.8846336499999998
1.9843858
2.15268175
2.21289523
2.32576968
2.44338541
3.04342385
3.71596679
4.061718799999998
4.897340599999998
5.3338868
5.9111357999999985