     X	             Y	             Z
1.0000e+00	1.0792e+01	1.5000e+01
1.0067e+00	1.0703e+01	1.5000e+01
1.0067e+00	1.0703e+01	1.5000e+01
1.0121e+00	1.0632e+01	1.5000e+01
1.0121e+00	1.0632e+01	1.5000e+01
1.0143e+00	1.0602e+01	1.5000e+01
1.0143e+00	1.0602e+01	1.5000e+01
1.0172e+00	1.0565e+01	1.5000e+01
1.0172e+00	1.0565e+01	1.5000e+01
1.0220e+00	1.0502e+01	1.5000e+01
1.0220e+00	1.0502e+01	1.5000e+01
1.0260e+00	1.0452e+01	1.5000e+01
1.0260e+00	1.0452e+01	1.5000e+01
1.0298e+00	1.0404e+01	1.5000e+01
1.0298e+00	1.0404e+01	1.5000e+01
1.0346e+00	1.0343e+01	1.5000e+01
1.0346e+00	1.0343e+01	1.5000e+01
1.0376e+00	1.0306e+01	1.5000e+01
1.0376e+00	1.0306e+01	1.5000e+01
1.0400e+00	1.0276e+01	1.5000e+01
1.0400e+00	1.0276e+01	1.5000e+01
1.0455e+00	1.0209e+01	1.5000e+01
1.0455e+00	1.0209e+01	1.5000e+01
1.0523e+00	1.0127e+01	1.5000e+01
1.0523e+00	1.0127e+01	1.5000e+01
1.0535e+00	1.0113e+01	1.5000e+01
1.0535e+00	1.0113e+01	1.5000e+01
1.0544e+00	1.0103e+01	1.5000e+01
1.0544e+00	1.0103e+01	1.5000e+01
1.0614e+00	1.0018e+01	1.5000e+01
1.0614e+00	1.0018e+01	1.5000e+01
1.0625e+00	1.0007e+01	1.5000e+01
1.0625e+00	1.0007e+01	1.5000e+01
1.0689e+00	9.9325e+00	1.5000e+01
1.0689e+00	9.9325e+00	1.5000e+01
1.0695e+00	9.9246e+00	1.5000e+01
1.0695e+00	9.9246e+00	1.5000e+01
1.0704e+00	9.9150e+00	1.5000e+01
1.0704e+00	9.9150e+00	1.5000e+01
1.0777e+00	9.8314e+00	1.5000e+01
1.0777e+00	9.8314e+00	1.5000e+01
1.0836e+00	9.7650e+00	1.5000e+01
1.0836e+00	9.7650e+00	1.5000e+01
1.0859e+00	9.7394e+00	1.5000e+01
1.0859e+00	9.7394e+00	1.5000e+01
1.0887e+00	9.7078e+00	1.5000e+01
1.0887e+00	9.7078e+00	1.5000e+01
1.0942e+00	9.6481e+00	1.5000e+01
1.0942e+00	9.6481e+00	1.5000e+01
1.0986e+00	9.6003e+00	1.5000e+01
1.0986e+00	9.6003e+00	1.5000e+01
1.1025e+00	9.5578e+00	1.5000e+01
1.1025e+00	9.5578e+00	1.5000e+01
1.1074e+00	9.5057e+00	1.5000e+01
1.1074e+00	9.5057e+00	1.5000e+01
1.1109e+00	9.4684e+00	1.5000e+01
1.1109e+00	9.4684e+00	1.5000e+01
1.1138e+00	9.4384e+00	1.5000e+01
1.1138e+00	9.4384e+00	1.5000e+01
1.1194e+00	9.3798e+00	1.5000e+01
1.1194e+00	9.3798e+00	1.5000e+01
1.1264e+00	9.3086e+00	1.5000e+01
1.1264e+00	9.3086e+00	1.5000e+01
1.1280e+00	9.2924e+00	1.5000e+01
1.1280e+00	9.2924e+00	1.5000e+01
1.1293e+00	9.2793e+00	1.5000e+01
1.1293e+00	9.2793e+00	1.5000e+01
1.1366e+00	9.2055e+00	1.5000e+01
1.1366e+00	9.2055e+00	1.5000e+01
1.1421e+00	9.1522e+00	1.5000e+01
1.1421e+00	9.1522e+00	1.5000e+01
1.1451e+00	9.1228e+00	1.5000e+01
1.1451e+00	9.1228e+00	1.5000e+01
1.1454e+00	9.1199e+00	1.5000e+01
1.1454e+00	9.1199e+00	1.5000e+01
1.1457e+00	9.1163e+00	1.5000e+01
1.1457e+00	9.1163e+00	1.5000e+01
1.1541e+00	9.0346e+00	1.5000e+01
1.1541e+00	9.0346e+00	1.5000e+01
1.1611e+00	8.9690e+00	1.5000e+01
1.1611e+00	8.9690e+00	1.5000e+01
1.1630e+00	8.9506e+00	1.5000e+01
1.1630e+00	8.9506e+00	1.5000e+01
1.1654e+00	8.9284e+00	1.5000e+01
1.1654e+00	8.9284e+00	1.5000e+01
1.1719e+00	8.8672e+00	1.5000e+01
1.1719e+00	8.8672e+00	1.5000e+01
1.1774e+00	8.8177e+00	1.5000e+01
1.1774e+00	8.8177e+00	1.5000e+01
1.1810e+00	8.7849e+00	1.5000e+01
1.1810e+00	8.7849e+00	1.5000e+01
1.1854e+00	8.7453e+00	1.5000e+01
1.1854e+00	8.7453e+00	1.5000e+01
1.1901e+00	8.7033e+00	1.5000e+01
1.1901e+00	8.7033e+00	1.5000e+01
1.1940e+00	8.6691e+00	1.5000e+01
1.1940e+00	8.6691e+00	1.5000e+01
1.1992e+00	8.6226e+00	1.5000e+01
1.1992e+00	8.6226e+00	1.5000e+01
1.2057e+00	8.5669e+00	1.5000e+01
1.2057e+00	8.5669e+00	1.5000e+01
1.2085e+00	8.5428e+00	1.5000e+01
1.2085e+00	8.5428e+00	1.5000e+01
1.2109e+00	8.5229e+00	1.5000e+01
1.2109e+00	8.5229e+00	1.5000e+01
1.2179e+00	8.4636e+00	1.5000e+01
1.2179e+00	8.4636e+00	1.5000e+01
1.2264e+00	8.3934e+00	1.5000e+01
1.2264e+00	8.3934e+00	1.5000e+01
1.2273e+00	8.3856e+00	1.5000e+01
1.2273e+00	8.3856e+00	1.5000e+01
1.2281e+00	8.3792e+00	1.5000e+01
1.2281e+00	8.3792e+00	1.5000e+01
1.2366e+00	8.3100e+00	1.5000e+01
1.2366e+00	8.3100e+00	1.5000e+01
1.2368e+00	8.3081e+00	1.5000e+01
1.2368e+00	8.3081e+00	1.5000e+01
1.2457e+00	8.2379e+00	1.5000e+01
1.2457e+00	8.2379e+00	1.5000e+01
1.2465e+00	8.2316e+00	1.5000e+01
1.2465e+00	8.2316e+00	1.5000e+01
1.2474e+00	8.2242e+00	1.5000e+01
1.2474e+00	8.2242e+00	1.5000e+01
1.2562e+00	8.1557e+00	1.5000e+01
1.2562e+00	8.1557e+00	1.5000e+01
1.2636e+00	8.0990e+00	1.5000e+01
1.2636e+00	8.0990e+00	1.5000e+01
1.2660e+00	8.0808e+00	1.5000e+01
1.2660e+00	8.0808e+00	1.5000e+01
1.2688e+00	8.0594e+00	1.5000e+01
1.2688e+00	8.0594e+00	1.5000e+01
1.2759e+00	8.0066e+00	1.5000e+01
1.2759e+00	8.0066e+00	1.5000e+01
1.2819e+00	7.9624e+00	1.5000e+01
1.2819e+00	7.9624e+00	1.5000e+01
1.2859e+00	7.9333e+00	1.5000e+01
1.2859e+00	7.9333e+00	1.5000e+01
1.2906e+00	7.8993e+00	1.5000e+01
1.2906e+00	7.8993e+00	1.5000e+01
1.2960e+00	7.8607e+00	1.5000e+01
1.2960e+00	7.8607e+00	1.5000e+01
1.3006e+00	7.8281e+00	1.5000e+01
1.3006e+00	7.8281e+00	1.5000e+01
1.3061e+00	7.7890e+00	1.5000e+01
1.3061e+00	7.7890e+00	1.5000e+01
1.3127e+00	7.7437e+00	1.5000e+01
1.3127e+00	7.7437e+00	1.5000e+01
1.3164e+00	7.7180e+00	1.5000e+01
1.3164e+00	7.7180e+00	1.5000e+01
1.3197e+00	7.6961e+00	1.5000e+01
1.3197e+00	7.6961e+00	1.5000e+01
1.3268e+00	7.6478e+00	1.5000e+01
1.3268e+00	7.6478e+00	1.5000e+01
1.3352e+00	7.5926e+00	1.5000e+01
1.3352e+00	7.5926e+00	1.5000e+01
1.3374e+00	7.5785e+00	1.5000e+01
1.3374e+00	7.5785e+00	1.5000e+01
1.3393e+00	7.5664e+00	1.5000e+01
1.3393e+00	7.5664e+00	1.5000e+01
1.3480e+00	7.5098e+00	1.5000e+01
1.3480e+00	7.5098e+00	1.5000e+01
1.3581e+00	7.4460e+00	1.5000e+01
1.3581e+00	7.4460e+00	1.5000e+01
1.3587e+00	7.4421e+00	1.5000e+01
1.3587e+00	7.4421e+00	1.5000e+01
1.3593e+00	7.4388e+00	1.5000e+01
1.3593e+00	7.4388e+00	1.5000e+01
1.3673e+00	7.3886e+00	1.5000e+01
1.3673e+00	7.3886e+00	1.5000e+01
1.3696e+00	7.3749e+00	1.5000e+01
1.3696e+00	7.3749e+00	1.5000e+01
1.3798e+00	7.3133e+00	1.5000e+01
1.3798e+00	7.3133e+00	1.5000e+01
1.3806e+00	7.3087e+00	1.5000e+01
1.3806e+00	7.3087e+00	1.5000e+01
1.3814e+00	7.3035e+00	1.5000e+01
1.3814e+00	7.3035e+00	1.5000e+01
1.3916e+00	7.2431e+00	1.5000e+01
1.3916e+00	7.2431e+00	1.5000e+01
1.4008e+00	7.1900e+00	1.5000e+01
1.4008e+00	7.1900e+00	1.5000e+01
1.4028e+00	7.1784e+00	1.5000e+01
1.4028e+00	7.1784e+00	1.5000e+01
1.4051e+00	7.1654e+00	1.5000e+01
1.4051e+00	7.1654e+00	1.5000e+01
1.4142e+00	7.1143e+00	1.5000e+01
1.4142e+00	7.1143e+00	1.5000e+01
1.4224e+00	7.0688e+00	1.5000e+01
1.4224e+00	7.0688e+00	1.5000e+01
1.4256e+00	7.0511e+00	1.5000e+01
1.4256e+00	7.0511e+00	1.5000e+01
1.4292e+00	7.0316e+00	1.5000e+01
1.4292e+00	7.0316e+00	1.5000e+01
1.4372e+00	6.9885e+00	1.5000e+01
1.4372e+00	6.9885e+00	1.5000e+01
1.4446e+00	6.9496e+00	1.5000e+01
1.4446e+00	6.9496e+00	1.5000e+01
1.4490e+00	6.9268e+00	1.5000e+01
1.4490e+00	6.9268e+00	1.5000e+01
1.4537e+00	6.9022e+00	1.5000e+01
1.4537e+00	6.9022e+00	1.5000e+01
1.4608e+00	6.8658e+00	1.5000e+01
1.4608e+00	6.8658e+00	1.5000e+01
1.4675e+00	6.8324e+00	1.5000e+01
1.4675e+00	6.8324e+00	1.5000e+01
1.4728e+00	6.8055e+00	1.5000e+01
1.4728e+00	6.8055e+00	1.5000e+01
1.4787e+00	6.7770e+00	1.5000e+01
1.4787e+00	6.7770e+00	1.5000e+01
1.4850e+00	6.7460e+00	1.5000e+01
1.4850e+00	6.7460e+00	1.5000e+01
1.4911e+00	6.7172e+00	1.5000e+01
1.4911e+00	6.7172e+00	1.5000e+01
1.4973e+00	6.6873e+00	1.5000e+01
1.4973e+00	6.6873e+00	1.5000e+01
1.5040e+00	6.6560e+00	1.5000e+01
1.5040e+00	6.6560e+00	1.5000e+01
1.5098e+00	6.6293e+00	1.5000e+01
1.5098e+00	6.6293e+00	1.5000e+01
1.5154e+00	6.6039e+00	1.5000e+01
1.5154e+00	6.6039e+00	1.5000e+01
1.5224e+00	6.5720e+00	1.5000e+01
1.5224e+00	6.5720e+00	1.5000e+01
1.5298e+00	6.5392e+00	1.5000e+01
1.5298e+00	6.5392e+00	1.5000e+01
1.5352e+00	6.5155e+00	1.5000e+01
1.5352e+00	6.5155e+00	1.5000e+01
1.5406e+00	6.4926e+00	1.5000e+01
1.5406e+00	6.4926e+00	1.5000e+01
1.5482e+00	6.4597e+00	1.5000e+01
1.5482e+00	6.4597e+00	1.5000e+01
1.5561e+00	6.4266e+00	1.5000e+01
1.5561e+00	6.4266e+00	1.5000e+01
1.5613e+00	6.4047e+00	1.5000e+01
1.5613e+00	6.4047e+00	1.5000e+01
1.5667e+00	6.3831e+00	1.5000e+01
1.5667e+00	6.3831e+00	1.5000e+01
1.5746e+00	6.3504e+00	1.5000e+01
1.5746e+00	6.3504e+00	1.5000e+01
1.5827e+00	6.3181e+00	1.5000e+01
1.5827e+00	6.3181e+00	1.5000e+01
1.5882e+00	6.2969e+00	1.5000e+01
1.5882e+00	6.2969e+00	1.5000e+01
1.5937e+00	6.2755e+00	1.5000e+01
1.5937e+00	6.2755e+00	1.5000e+01
1.6018e+00	6.2441e+00	1.5000e+01
1.6018e+00	6.2441e+00	1.5000e+01
1.6099e+00	6.2137e+00	1.5000e+01
1.6099e+00	6.2137e+00	1.5000e+01
1.6157e+00	6.1920e+00	1.5000e+01
1.6157e+00	6.1920e+00	1.5000e+01
1.6219e+00	6.1696e+00	1.5000e+01
1.6219e+00	6.1696e+00	1.5000e+01
1.6298e+00	6.1407e+00	1.5000e+01
1.6298e+00	6.1407e+00	1.5000e+01
1.6375e+00	6.1134e+00	1.5000e+01
1.6375e+00	6.1134e+00	1.5000e+01
1.6441e+00	6.0902e+00	1.5000e+01
1.6441e+00	6.0902e+00	1.5000e+01
1.6513e+00	6.0656e+00	1.5000e+01
1.6513e+00	6.0656e+00	1.5000e+01
1.6587e+00	6.0404e+00	1.5000e+01
1.6587e+00	6.0404e+00	1.5000e+01
1.6656e+00	6.0171e+00	1.5000e+01
1.6656e+00	6.0171e+00	1.5000e+01
1.6734e+00	5.9913e+00	1.5000e+01
1.6734e+00	5.9913e+00	1.5000e+01
1.6821e+00	5.9633e+00	1.5000e+01
1.6821e+00	5.9633e+00	1.5000e+01
1.6884e+00	5.9431e+00	1.5000e+01
1.6884e+00	5.9431e+00	1.5000e+01
1.6942e+00	5.9249e+00	1.5000e+01
1.6942e+00	5.9249e+00	1.5000e+01
1.7036e+00	5.8955e+00	1.5000e+01
1.7036e+00	5.8955e+00	1.5000e+01
1.7145e+00	5.8628e+00	1.5000e+01
1.7145e+00	5.8628e+00	1.5000e+01
1.7191e+00	5.8488e+00	1.5000e+01
1.7191e+00	5.8488e+00	1.5000e+01
1.7232e+00	5.8366e+00	1.5000e+01
1.7232e+00	5.8366e+00	1.5000e+01
1.7348e+00	5.8028e+00	1.5000e+01
1.7348e+00	5.8028e+00	1.5000e+01
1.7486e+00	5.7639e+00	1.5000e+01
1.7486e+00	5.7639e+00	1.5000e+01
1.7509e+00	5.7576e+00	1.5000e+01
1.7509e+00	5.7576e+00	1.5000e+01
1.7528e+00	5.7523e+00	1.5000e+01
1.7528e+00	5.7523e+00	1.5000e+01
1.7671e+00	5.7132e+00	1.5000e+01
1.7671e+00	5.7132e+00	1.5000e+01
1.7739e+00	5.6954e+00	1.5000e+01
1.7739e+00	5.6954e+00	1.5000e+01
1.7828e+00	5.6718e+00	1.5000e+01
1.7828e+00	5.6718e+00	1.5000e+01
1.7837e+00	5.6695e+00	1.5000e+01
1.7837e+00	5.6695e+00	1.5000e+01
1.7848e+00	5.6667e+00	1.5000e+01
1.7848e+00	5.6667e+00	1.5000e+01
1.8006e+00	5.6266e+00	1.5000e+01
1.8006e+00	5.6266e+00	1.5000e+01
1.8134e+00	5.5951e+00	1.5000e+01
1.8134e+00	5.5951e+00	1.5000e+01
1.8178e+00	5.5846e+00	1.5000e+01
1.8178e+00	5.5846e+00	1.5000e+01
1.8235e+00	5.5712e+00	1.5000e+01
1.8235e+00	5.5712e+00	1.5000e+01
1.8353e+00	5.5433e+00	1.5000e+01
1.8353e+00	5.5433e+00	1.5000e+01
1.8445e+00	5.5222e+00	1.5000e+01
1.8445e+00	5.5222e+00	1.5000e+01
1.8532e+00	5.5029e+00	1.5000e+01
1.8532e+00	5.5029e+00	1.5000e+01
1.8650e+00	5.4772e+00	1.5000e+01
1.8650e+00	5.4772e+00	1.5000e+01
1.8714e+00	5.4633e+00	1.5000e+01
1.8714e+00	5.4633e+00	1.5000e+01
1.8761e+00	5.4532e+00	1.5000e+01
1.8761e+00	5.4532e+00	1.5000e+01
1.8900e+00	5.4246e+00	1.5000e+01
1.8900e+00	5.4246e+00	1.5000e+01
1.9046e+00	5.3954e+00	1.5000e+01
1.9046e+00	5.3954e+00	1.5000e+01
1.9083e+00	5.3880e+00	1.5000e+01
1.9083e+00	5.3880e+00	1.5000e+01
1.9090e+00	5.3867e+00	1.5000e+01
1.9090e+00	5.3867e+00	1.5000e+01
1.9100e+00	5.3849e+00	1.5000e+01
1.9100e+00	5.3849e+00	1.5000e+01
1.9284e+00	5.3497e+00	1.5000e+01
1.9284e+00	5.3497e+00	1.5000e+01
1.9411e+00	5.3262e+00	1.5000e+01
1.9411e+00	5.3262e+00	1.5000e+01
1.9482e+00	5.3135e+00	1.5000e+01
1.9482e+00	5.3135e+00	1.5000e+01
1.9594e+00	5.2941e+00	1.5000e+01
1.9594e+00	5.2941e+00	1.5000e+01
1.9685e+00	5.2783e+00	1.5000e+01
1.9685e+00	5.2783e+00	1.5000e+01
1.9744e+00	5.2682e+00	1.5000e+01
1.9744e+00	5.2682e+00	1.5000e+01
1.9892e+00	5.2439e+00	1.5000e+01
1.9892e+00	5.2439e+00	1.5000e+01
1.9993e+00	5.2279e+00	1.5000e+01
1.9993e+00	5.2279e+00	1.5000e+01
2.0082e+00	5.2139e+00	1.5000e+01
2.0082e+00	5.2139e+00	1.5000e+01
2.0104e+00	5.2105e+00	1.5000e+01
2.0104e+00	5.2105e+00	1.5000e+01
2.0143e+00	5.2048e+00	1.5000e+01
2.0143e+00	5.2048e+00	1.5000e+01
2.0322e+00	5.1781e+00	1.5000e+01
2.0322e+00	5.1781e+00	1.5000e+01
2.0427e+00	5.1629e+00	1.5000e+01
2.0427e+00	5.1629e+00	1.5000e+01
2.0545e+00	5.1466e+00	1.5000e+01
2.0545e+00	5.1466e+00	1.5000e+01
2.0766e+00	5.1170e+00	1.5000e+01
2.0766e+00	5.1170e+00	1.5000e+01
2.0773e+00	5.1161e+00	1.5000e+01
2.0773e+00	5.1161e+00	1.5000e+01
2.0777e+00	5.1156e+00	1.5000e+01
2.0777e+00	5.1156e+00	1.5000e+01
2.0789e+00	5.1142e+00	1.5000e+01
2.0789e+00	5.1142e+00	1.5000e+01
2.1008e+00	5.0866e+00	1.5000e+01
2.1008e+00	5.0866e+00	1.5000e+01
2.1133e+00	5.0714e+00	1.5000e+01
2.1133e+00	5.0714e+00	1.5000e+01
2.1249e+00	5.0582e+00	1.5000e+01
2.1249e+00	5.0582e+00	1.5000e+01
2.1494e+00	5.0311e+00	1.5000e+01
2.1494e+00	5.0311e+00	1.5000e+01
2.1496e+00	5.0309e+00	1.5000e+01
2.1496e+00	5.0309e+00	1.5000e+01
2.1496e+00	5.0309e+00	1.5000e+01
2.1496e+00	5.0309e+00	1.5000e+01
2.1497e+00	5.0307e+00	1.5000e+01
2.1497e+00	5.0307e+00	1.5000e+01
2.1751e+00	5.0046e+00	1.5000e+01
2.1751e+00	5.0046e+00	1.5000e+01
2.1864e+00	4.9933e+00	1.5000e+01
2.1864e+00	4.9933e+00	1.5000e+01
2.2013e+00	4.9795e+00	1.5000e+01
2.2013e+00	4.9795e+00	1.5000e+01
2.2140e+00	4.9681e+00	1.5000e+01
2.2140e+00	4.9681e+00	1.5000e+01
2.2239e+00	4.9592e+00	1.5000e+01
2.2239e+00	4.9592e+00	1.5000e+01
2.2283e+00	4.9555e+00	1.5000e+01
2.2283e+00	4.9555e+00	1.5000e+01
2.2401e+00	4.9459e+00	1.5000e+01
2.2401e+00	4.9459e+00	1.5000e+01
2.2561e+00	4.9328e+00	1.5000e+01
2.2561e+00	4.9328e+00	1.5000e+01
2.2621e+00	4.9280e+00	1.5000e+01
2.2621e+00	4.9280e+00	1.5000e+01
2.2745e+00	4.9189e+00	1.5000e+01
2.2745e+00	4.9189e+00	1.5000e+01
2.2848e+00	4.9113e+00	1.5000e+01
2.2848e+00	4.9113e+00	1.5000e+01
2.3009e+00	4.8999e+00	1.5000e+01
2.3009e+00	4.8999e+00	1.5000e+01
2.3144e+00	4.8910e+00	1.5000e+01
2.3144e+00	4.8910e+00	1.5000e+01
2.3319e+00	4.8801e+00	1.5000e+01
2.3319e+00	4.8801e+00	1.5000e+01
2.3403e+00	4.8748e+00	1.5000e+01
2.3403e+00	4.8748e+00	1.5000e+01
2.3450e+00	4.8721e+00	1.5000e+01
2.3450e+00	4.8721e+00	1.5000e+01
2.3623e+00	4.8625e+00	1.5000e+01
2.3623e+00	4.8625e+00	1.5000e+01
2.3766e+00	4.8545e+00	1.5000e+01
2.3766e+00	4.8545e+00	1.5000e+01
2.3805e+00	4.8525e+00	1.5000e+01
2.3805e+00	4.8525e+00	1.5000e+01
2.3870e+00	4.8493e+00	1.5000e+01
2.3870e+00	4.8493e+00	1.5000e+01
2.4093e+00	4.8384e+00	1.5000e+01
2.4093e+00	4.8384e+00	1.5000e+01
2.4213e+00	4.8328e+00	1.5000e+01
2.4213e+00	4.8328e+00	1.5000e+01
2.4402e+00	4.8250e+00	1.5000e+01
2.4402e+00	4.8250e+00	1.5000e+01
2.4432e+00	4.8237e+00	1.5000e+01
2.4432e+00	4.8237e+00	1.5000e+01
2.4628e+00	4.8158e+00	1.5000e+01
2.4628e+00	4.8158e+00	1.5000e+01
2.4782e+00	4.8104e+00	1.5000e+01
2.4782e+00	4.8104e+00	1.5000e+01
2.4919e+00	4.8058e+00	1.5000e+01
2.4919e+00	4.8058e+00	1.5000e+01
2.5051e+00	4.8013e+00	1.5000e+01
2.5051e+00	4.8013e+00	1.5000e+01
2.5145e+00	4.7985e+00	1.5000e+01
2.5145e+00	4.7985e+00	1.5000e+01
2.5426e+00	4.7908e+00	1.5000e+01
2.5426e+00	4.7908e+00	1.5000e+01
2.5481e+00	4.7893e+00	1.5000e+01
2.5481e+00	4.7893e+00	1.5000e+01
2.5522e+00	4.7883e+00	1.5000e+01
2.5522e+00	4.7883e+00	1.5000e+01
2.5870e+00	4.7805e+00	1.5000e+01
2.5870e+00	4.7805e+00	1.5000e+01
2.5912e+00	4.7796e+00	1.5000e+01
2.5912e+00	4.7796e+00	1.5000e+01
2.5918e+00	4.7795e+00	1.5000e+01
2.5918e+00	4.7795e+00	1.5000e+01
2.5924e+00	4.7794e+00	1.5000e+01
2.5924e+00	4.7794e+00	1.5000e+01
2.6317e+00	4.7724e+00	1.5000e+01
2.6317e+00	4.7724e+00	1.5000e+01
2.6362e+00	4.7717e+00	1.5000e+01
2.6362e+00	4.7717e+00	1.5000e+01
2.6415e+00	4.7710e+00	1.5000e+01
2.6415e+00	4.7710e+00	1.5000e+01
2.6737e+00	4.7667e+00	1.5000e+01
2.6737e+00	4.7667e+00	1.5000e+01
2.6814e+00	4.7658e+00	1.5000e+01
2.6814e+00	4.7658e+00	1.5000e+01
2.6901e+00	4.7651e+00	1.5000e+01
2.6901e+00	4.7651e+00	1.5000e+01
2.7172e+00	4.7626e+00	1.5000e+01
2.7172e+00	4.7626e+00	1.5000e+01
2.7274e+00	4.7618e+00	1.5000e+01
2.7274e+00	4.7618e+00	1.5000e+01
2.7384e+00	4.7613e+00	1.5000e+01
2.7384e+00	4.7613e+00	1.5000e+01
2.7623e+00	4.7600e+00	1.5000e+01
2.7623e+00	4.7600e+00	1.5000e+01
2.7742e+00	4.7595e+00	1.5000e+01
2.7742e+00	4.7595e+00	1.5000e+01
2.7866e+00	4.7593e+00	1.5000e+01
2.7866e+00	4.7593e+00	1.5000e+01
2.8089e+00	4.7587e+00	1.5000e+01
2.8089e+00	4.7587e+00	1.5000e+01
2.8218e+00	4.7586e+00	1.5000e+01
2.8218e+00	4.7586e+00	1.5000e+01
2.8347e+00	4.7588e+00	1.5000e+01
2.8347e+00	4.7588e+00	1.5000e+01
2.8571e+00	4.7588e+00	1.5000e+01
2.8571e+00	4.7588e+00	1.5000e+01
2.8702e+00	4.7590e+00	1.5000e+01
2.8702e+00	4.7590e+00	1.5000e+01
2.8829e+00	4.7595e+00	1.5000e+01
2.8829e+00	4.7595e+00	1.5000e+01
2.9069e+00	4.7600e+00	1.5000e+01
2.9069e+00	4.7600e+00	1.5000e+01
2.9194e+00	4.7605e+00	1.5000e+01
2.9194e+00	4.7605e+00	1.5000e+01
2.9313e+00	4.7612e+00	1.5000e+01
2.9313e+00	4.7612e+00	1.5000e+01
2.9581e+00	4.7623e+00	1.5000e+01
2.9581e+00	4.7623e+00	1.5000e+01
2.9695e+00	4.7629e+00	1.5000e+01
2.9695e+00	4.7629e+00	1.5000e+01
2.9800e+00	4.7636e+00	1.5000e+01
2.9800e+00	4.7636e+00	1.5000e+01
3.0108e+00	4.7653e+00	1.5000e+01
3.0108e+00	4.7653e+00	1.5000e+01
3.0204e+00	4.7660e+00	1.5000e+01
3.0204e+00	4.7660e+00	1.5000e+01
3.0292e+00	4.7667e+00	1.5000e+01
3.0292e+00	4.7667e+00	1.5000e+01
3.0648e+00	4.7690e+00	1.5000e+01
3.0648e+00	4.7690e+00	1.5000e+01
3.0722e+00	4.7696e+00	1.5000e+01
3.0722e+00	4.7696e+00	1.5000e+01
3.0789e+00	4.7701e+00	1.5000e+01
3.0789e+00	4.7701e+00	1.5000e+01
3.1200e+00	4.7730e+00	1.5000e+01
3.1200e+00	4.7730e+00	1.5000e+01
3.1249e+00	4.7734e+00	1.5000e+01
3.1249e+00	4.7734e+00	1.5000e+01
3.1293e+00	4.7738e+00	1.5000e+01
3.1293e+00	4.7738e+00	1.5000e+01
3.1762e+00	4.7770e+00	1.5000e+01
3.1762e+00	4.7770e+00	1.5000e+01
3.1785e+00	4.7772e+00	1.5000e+01
3.1785e+00	4.7772e+00	1.5000e+01
3.1806e+00	4.7774e+00	1.5000e+01
3.1806e+00	4.7774e+00	1.5000e+01
3.2284e+00	4.7805e+00	1.5000e+01
3.2284e+00	4.7805e+00	1.5000e+01
3.2328e+00	4.7808e+00	1.5000e+01
3.2328e+00	4.7808e+00	1.5000e+01
3.2330e+00	4.7808e+00	1.5000e+01
3.2330e+00	4.7808e+00	1.5000e+01
3.2332e+00	4.7808e+00	1.5000e+01
3.2332e+00	4.7808e+00	1.5000e+01
3.2862e+00	4.7838e+00	1.5000e+01
3.2862e+00	4.7838e+00	1.5000e+01
3.2885e+00	4.7839e+00	1.5000e+01
3.2885e+00	4.7839e+00	1.5000e+01
3.2908e+00	4.7840e+00	1.5000e+01
3.2908e+00	4.7840e+00	1.5000e+01
3.3410e+00	4.7861e+00	1.5000e+01
3.3410e+00	4.7861e+00	1.5000e+01
3.3449e+00	4.7862e+00	1.5000e+01
3.3449e+00	4.7862e+00	1.5000e+01
3.3489e+00	4.7863e+00	1.5000e+01
3.3489e+00	4.7863e+00	1.5000e+01
3.3973e+00	4.7875e+00	1.5000e+01
3.3973e+00	4.7875e+00	1.5000e+01
3.4022e+00	4.7875e+00	1.5000e+01
3.4022e+00	4.7875e+00	1.5000e+01
3.4072e+00	4.7875e+00	1.5000e+01
3.4072e+00	4.7875e+00	1.5000e+01
3.4554e+00	4.7876e+00	1.5000e+01
3.4554e+00	4.7876e+00	1.5000e+01
3.4606e+00	4.7876e+00	1.5000e+01
3.4606e+00	4.7876e+00	1.5000e+01
3.4656e+00	4.7874e+00	1.5000e+01
3.4656e+00	4.7874e+00	1.5000e+01
3.5157e+00	4.7862e+00	1.5000e+01
3.5157e+00	4.7862e+00	1.5000e+01
3.5199e+00	4.7861e+00	1.5000e+01
3.5199e+00	4.7861e+00	1.5000e+01
3.5238e+00	4.7858e+00	1.5000e+01
3.5238e+00	4.7858e+00	1.5000e+01
3.5785e+00	4.7829e+00	1.5000e+01
3.5785e+00	4.7829e+00	1.5000e+01
3.5803e+00	4.7828e+00	1.5000e+01
3.5803e+00	4.7828e+00	1.5000e+01
3.5819e+00	4.7826e+00	1.5000e+01
3.5819e+00	4.7826e+00	1.5000e+01
3.6054e+00	4.7805e+00	1.5000e+01
3.6054e+00	4.7805e+00	1.5000e+01
3.6394e+00	4.7775e+00	1.5000e+01
3.6394e+00	4.7775e+00	1.5000e+01
3.6417e+00	4.7773e+00	1.5000e+01
3.6417e+00	4.7773e+00	1.5000e+01
3.6444e+00	4.7770e+00	1.5000e+01
3.6444e+00	4.7770e+00	1.5000e+01
3.6962e+00	4.7703e+00	1.5000e+01
3.6962e+00	4.7703e+00	1.5000e+01
3.7042e+00	4.7694e+00	1.5000e+01
3.7042e+00	4.7694e+00	1.5000e+01
3.7141e+00	4.7677e+00	1.5000e+01
3.7141e+00	4.7677e+00	1.5000e+01
3.7524e+00	4.7611e+00	1.5000e+01
3.7524e+00	4.7611e+00	1.5000e+01
3.7677e+00	4.7587e+00	1.5000e+01
3.7677e+00	4.7587e+00	1.5000e+01
3.7884e+00	4.7544e+00	1.5000e+01
3.7884e+00	4.7544e+00	1.5000e+01
3.8079e+00	4.7501e+00	1.5000e+01
3.8079e+00	4.7501e+00	1.5000e+01
3.8323e+00	4.7451e+00	1.5000e+01
3.8323e+00	4.7451e+00	1.5000e+01
3.8627e+00	4.7372e+00	1.5000e+01
3.8627e+00	4.7372e+00	1.5000e+01
3.8685e+00	4.7358e+00	1.5000e+01
3.8685e+00	4.7358e+00	1.5000e+01
3.8981e+00	4.7283e+00	1.5000e+01
3.8981e+00	4.7283e+00	1.5000e+01
3.9167e+00	4.7224e+00	1.5000e+01
3.9167e+00	4.7224e+00	1.5000e+01
3.9558e+00	4.7108e+00	1.5000e+01
3.9558e+00	4.7108e+00	1.5000e+01
3.9649e+00	4.7080e+00	1.5000e+01
3.9649e+00	4.7080e+00	1.5000e+01
3.9701e+00	4.7061e+00	1.5000e+01
3.9701e+00	4.7061e+00	1.5000e+01
3.9874e+00	4.6999e+00	1.5000e+01
3.9874e+00	4.6999e+00	1.5000e+01
4.0222e+00	4.6874e+00	1.5000e+01
4.0222e+00	4.6874e+00	1.5000e+01
4.0329e+00	4.6837e+00	1.5000e+01
4.0329e+00	4.6837e+00	1.5000e+01
4.0547e+00	4.6747e+00	1.5000e+01
4.0547e+00	4.6747e+00	1.5000e+01
4.0733e+00	4.6669e+00	1.5000e+01
4.0733e+00	4.6669e+00	1.5000e+01
4.1021e+00	4.6554e+00	1.5000e+01
4.1021e+00	4.6554e+00	1.5000e+01
4.1238e+00	4.6451e+00	1.5000e+01
4.1238e+00	4.6451e+00	1.5000e+01
4.1691e+00	4.6244e+00	1.5000e+01
4.1691e+00	4.6244e+00	1.5000e+01
4.1724e+00	4.6229e+00	1.5000e+01
4.1724e+00	4.6229e+00	1.5000e+01
4.1738e+00	4.6221e+00	1.5000e+01
4.1738e+00	4.6221e+00	1.5000e+01
4.1766e+00	4.6207e+00	1.5000e+01
4.1766e+00	4.6207e+00	1.5000e+01
4.2220e+00	4.5967e+00	1.5000e+01
4.2220e+00	4.5967e+00	1.5000e+01
4.2440e+00	4.5855e+00	1.5000e+01
4.2440e+00	4.5855e+00	1.5000e+01
4.2698e+00	4.5703e+00	1.5000e+01
4.2698e+00	4.5703e+00	1.5000e+01
4.3151e+00	4.5446e+00	1.5000e+01
4.3151e+00	4.5446e+00	1.5000e+01
4.3168e+00	4.5436e+00	1.5000e+01
4.3168e+00	4.5436e+00	1.5000e+01
4.3173e+00	4.5433e+00	1.5000e+01
4.3173e+00	4.5433e+00	1.5000e+01
4.3181e+00	4.5428e+00	1.5000e+01
4.3181e+00	4.5428e+00	1.5000e+01
4.3629e+00	4.5138e+00	1.5000e+01
4.3629e+00	4.5138e+00	1.5000e+01
4.3908e+00	4.4964e+00	1.5000e+01
4.3908e+00	4.4964e+00	1.5000e+01
4.4084e+00	4.4840e+00	1.5000e+01
4.4084e+00	4.4840e+00	1.5000e+01
4.4343e+00	4.4662e+00	1.5000e+01
4.4343e+00	4.4662e+00	1.5000e+01
4.4531e+00	4.4531e+00	1.5000e+01
4.4531e+00	4.4531e+00	1.5000e+01
4.4662e+00	4.4442e+00	1.5000e+01
4.4662e+00	4.4442e+00	1.5000e+01
4.4967e+00	4.4209e+00	1.5000e+01
4.4967e+00	4.4209e+00	1.5000e+01
4.5373e+00	4.3908e+00	1.5000e+01
4.5373e+00	4.3908e+00	1.5000e+01
4.5404e+00	4.3885e+00	1.5000e+01
4.5404e+00	4.3885e+00	1.5000e+01
4.5428e+00	4.3868e+00	1.5000e+01
4.5428e+00	4.3868e+00	1.5000e+01
4.5723e+00	4.3624e+00	1.5000e+01
4.5723e+00	4.3624e+00	1.5000e+01
4.5822e+00	4.3543e+00	1.5000e+01
4.5822e+00	4.3543e+00	1.5000e+01
4.6207e+00	4.3238e+00	1.5000e+01
4.6207e+00	4.3238e+00	1.5000e+01
4.6245e+00	4.3204e+00	1.5000e+01
4.6245e+00	4.3204e+00	1.5000e+01
4.6286e+00	4.3168e+00	1.5000e+01
4.6286e+00	4.3168e+00	1.5000e+01
4.6651e+00	4.2848e+00	1.5000e+01
4.6651e+00	4.2848e+00	1.5000e+01
4.6999e+00	4.2552e+00	1.5000e+01
4.6999e+00	4.2552e+00	1.5000e+01
4.7060e+00	4.2495e+00	1.5000e+01
4.7060e+00	4.2495e+00	1.5000e+01
4.7119e+00	4.2440e+00	1.5000e+01
4.7119e+00	4.2440e+00	1.5000e+01
4.7454e+00	4.2128e+00	1.5000e+01
4.7454e+00	4.2128e+00	1.5000e+01
4.7805e+00	4.1811e+00	1.5000e+01
4.7805e+00	4.1811e+00	1.5000e+01
4.7852e+00	4.1765e+00	1.5000e+01
4.7852e+00	4.1765e+00	1.5000e+01
4.7893e+00	4.1724e+00	1.5000e+01
4.7893e+00	4.1724e+00	1.5000e+01
4.8234e+00	4.1389e+00	1.5000e+01
4.8234e+00	4.1389e+00	1.5000e+01
4.8571e+00	4.1067e+00	1.5000e+01
4.8571e+00	4.1067e+00	1.5000e+01
4.8619e+00	4.1021e+00	1.5000e+01
4.8619e+00	4.1021e+00	1.5000e+01
4.8622e+00	4.1018e+00	1.5000e+01
4.8622e+00	4.1018e+00	1.5000e+01
4.8625e+00	4.1015e+00	1.5000e+01
4.8625e+00	4.1015e+00	1.5000e+01
4.8992e+00	4.0633e+00	1.5000e+01
4.8992e+00	4.0633e+00	1.5000e+01
4.9293e+00	4.0329e+00	1.5000e+01
4.9293e+00	4.0329e+00	1.5000e+01
4.9367e+00	4.0254e+00	1.5000e+01
4.9367e+00	4.0254e+00	1.5000e+01
4.9459e+00	4.0162e+00	1.5000e+01
4.9459e+00	4.0162e+00	1.5000e+01
4.9730e+00	3.9866e+00	1.5000e+01
4.9730e+00	3.9866e+00	1.5000e+01
4.9934e+00	3.9649e+00	1.5000e+01
4.9934e+00	3.9649e+00	1.5000e+01
5.0093e+00	3.9480e+00	1.5000e+01
5.0093e+00	3.9480e+00	1.5000e+01
5.0307e+00	3.9255e+00	1.5000e+01
5.0307e+00	3.9255e+00	1.5000e+01
5.0451e+00	3.9092e+00	1.5000e+01
5.0451e+00	3.9092e+00	1.5000e+01
5.0551e+00	3.8981e+00	1.5000e+01
5.0551e+00	3.8981e+00	1.5000e+01
5.0801e+00	3.8699e+00	1.5000e+01
5.0801e+00	3.8699e+00	1.5000e+01
5.1089e+00	3.8384e+00	1.5000e+01
5.1089e+00	3.8384e+00	1.5000e+01
5.1145e+00	3.8323e+00	1.5000e+01
5.1145e+00	3.8323e+00	1.5000e+01
5.1155e+00	3.8312e+00	1.5000e+01
5.1155e+00	3.8312e+00	1.5000e+01
5.1170e+00	3.8296e+00	1.5000e+01
5.1170e+00	3.8296e+00	1.5000e+01
5.1494e+00	3.7915e+00	1.5000e+01
5.1494e+00	3.7915e+00	1.5000e+01
5.1702e+00	3.7677e+00	1.5000e+01
5.1702e+00	3.7677e+00	1.5000e+01
5.1835e+00	3.7523e+00	1.5000e+01
5.1835e+00	3.7523e+00	1.5000e+01
5.2048e+00	3.7284e+00	1.5000e+01
5.2048e+00	3.7284e+00	1.5000e+01
5.2174e+00	3.7131e+00	1.5000e+01
5.2174e+00	3.7131e+00	1.5000e+01
5.2249e+00	3.7042e+00	1.5000e+01
5.2249e+00	3.7042e+00	1.5000e+01
5.2503e+00	3.6736e+00	1.5000e+01
5.2503e+00	3.6736e+00	1.5000e+01
5.2536e+00	3.6698e+00	1.5000e+01
5.2536e+00	3.6698e+00	1.5000e+01
5.2775e+00	3.6417e+00	1.5000e+01
5.2775e+00	3.6417e+00	1.5000e+01
5.2836e+00	3.6345e+00	1.5000e+01
5.2836e+00	3.6345e+00	1.5000e+01
5.2941e+00	3.6224e+00	1.5000e+01
5.2941e+00	3.6224e+00	1.5000e+01
5.3160e+00	3.5951e+00	1.5000e+01
5.3160e+00	3.5951e+00	1.5000e+01
5.3282e+00	3.5803e+00	1.5000e+01
5.3282e+00	3.5803e+00	1.5000e+01
5.3481e+00	3.5559e+00	1.5000e+01
5.3481e+00	3.5559e+00	1.5000e+01
5.3700e+00	3.5297e+00	1.5000e+01
5.3700e+00	3.5297e+00	1.5000e+01
5.3782e+00	3.5199e+00	1.5000e+01
5.3782e+00	3.5199e+00	1.5000e+01
5.3805e+00	3.5171e+00	1.5000e+01
5.3805e+00	3.5171e+00	1.5000e+01
5.3849e+00	3.5119e+00	1.5000e+01
5.3849e+00	3.5119e+00	1.5000e+01
5.4117e+00	3.4778e+00	1.5000e+01
5.4117e+00	3.4778e+00	1.5000e+01
5.4256e+00	3.4606e+00	1.5000e+01
5.4256e+00	3.4606e+00	1.5000e+01
5.4430e+00	3.4389e+00	1.5000e+01
5.4430e+00	3.4389e+00	1.5000e+01
5.4688e+00	3.4075e+00	1.5000e+01
5.4688e+00	3.4075e+00	1.5000e+01
5.4731e+00	3.4022e+00	1.5000e+01
5.4731e+00	3.4022e+00	1.5000e+01
5.4745e+00	3.4005e+00	1.5000e+01
5.4745e+00	3.4005e+00	1.5000e+01
5.4772e+00	3.3972e+00	1.5000e+01
5.4772e+00	3.3972e+00	1.5000e+01
5.5048e+00	3.3617e+00	1.5000e+01
5.5048e+00	3.3617e+00	1.5000e+01
5.5182e+00	3.3449e+00	1.5000e+01
5.5182e+00	3.3449e+00	1.5000e+01
5.5352e+00	3.3233e+00	1.5000e+01
5.5352e+00	3.3233e+00	1.5000e+01
5.5561e+00	3.2974e+00	1.5000e+01
5.5561e+00	3.2974e+00	1.5000e+01
5.5633e+00	3.2885e+00	1.5000e+01
5.5633e+00	3.2885e+00	1.5000e+01
5.5658e+00	3.2853e+00	1.5000e+01
5.5658e+00	3.2853e+00	1.5000e+01
5.5712e+00	3.2787e+00	1.5000e+01
5.5712e+00	3.2787e+00	1.5000e+01
5.5955e+00	3.2471e+00	1.5000e+01
5.5955e+00	3.2471e+00	1.5000e+01
5.6066e+00	3.2330e+00	1.5000e+01
5.6066e+00	3.2330e+00	1.5000e+01
5.6251e+00	3.2093e+00	1.5000e+01
5.6251e+00	3.2093e+00	1.5000e+01
5.6356e+00	3.1960e+00	1.5000e+01
5.6356e+00	3.1960e+00	1.5000e+01
5.6496e+00	3.1785e+00	1.5000e+01
5.6496e+00	3.1785e+00	1.5000e+01
5.6549e+00	3.1718e+00	1.5000e+01
5.6549e+00	3.1718e+00	1.5000e+01
5.6667e+00	3.1571e+00	1.5000e+01
5.6667e+00	3.1571e+00	1.5000e+01
5.6840e+00	3.1344e+00	1.5000e+01
5.6840e+00	3.1344e+00	1.5000e+01
5.6915e+00	3.1249e+00	1.5000e+01
5.6915e+00	3.1249e+00	1.5000e+01
5.7096e+00	3.1014e+00	1.5000e+01
5.7096e+00	3.1014e+00	1.5000e+01
5.7129e+00	3.0972e+00	1.5000e+01
5.7129e+00	3.0972e+00	1.5000e+01
5.7326e+00	3.0722e+00	1.5000e+01
5.7326e+00	3.0722e+00	1.5000e+01
5.7418e+00	3.0604e+00	1.5000e+01
5.7418e+00	3.0604e+00	1.5000e+01
5.7639e+00	3.0328e+00	1.5000e+01
5.7639e+00	3.0328e+00	1.5000e+01
5.7707e+00	3.0240e+00	1.5000e+01
5.7707e+00	3.0240e+00	1.5000e+01
5.7735e+00	3.0204e+00	1.5000e+01
5.7735e+00	3.0204e+00	1.5000e+01
5.7798e+00	3.0121e+00	1.5000e+01
5.7798e+00	3.0121e+00	1.5000e+01
5.7988e+00	2.9874e+00	1.5000e+01
5.7988e+00	2.9874e+00	1.5000e+01
5.8129e+00	2.9695e+00	1.5000e+01
5.8129e+00	2.9695e+00	1.5000e+01
5.8270e+00	2.9514e+00	1.5000e+01
5.8270e+00	2.9514e+00	1.5000e+01
5.8457e+00	2.9279e+00	1.5000e+01
5.8457e+00	2.9279e+00	1.5000e+01
5.8525e+00	2.9194e+00	1.5000e+01
5.8525e+00	2.9194e+00	1.5000e+01
5.8554e+00	2.9157e+00	1.5000e+01
5.8554e+00	2.9157e+00	1.5000e+01
5.8628e+00	2.9065e+00	1.5000e+01
5.8628e+00	2.9065e+00	1.5000e+01
5.8831e+00	2.8801e+00	1.5000e+01
5.8831e+00	2.8801e+00	1.5000e+01
5.8910e+00	2.8702e+00	1.5000e+01
5.8910e+00	2.8702e+00	1.5000e+01
5.9082e+00	2.8481e+00	1.5000e+01
5.9082e+00	2.8481e+00	1.5000e+01
5.9107e+00	2.8448e+00	1.5000e+01
5.9107e+00	2.8448e+00	1.5000e+01
5.9291e+00	2.8218e+00	1.5000e+01
5.9291e+00	2.8218e+00	1.5000e+01
5.9384e+00	2.8100e+00	1.5000e+01
5.9384e+00	2.8100e+00	1.5000e+01
5.9633e+00	2.7790e+00	1.5000e+01
5.9633e+00	2.7790e+00	1.5000e+01
5.9661e+00	2.7755e+00	1.5000e+01
5.9661e+00	2.7755e+00	1.5000e+01
5.9671e+00	2.7742e+00	1.5000e+01
5.9671e+00	2.7742e+00	1.5000e+01
5.9692e+00	2.7715e+00	1.5000e+01
5.9692e+00	2.7715e+00	1.5000e+01
5.9930e+00	2.7410e+00	1.5000e+01
5.9930e+00	2.7410e+00	1.5000e+01
6.0039e+00	2.7274e+00	1.5000e+01
6.0039e+00	2.7274e+00	1.5000e+01
6.0201e+00	2.7070e+00	1.5000e+01
6.0201e+00	2.7070e+00	1.5000e+01
6.0268e+00	2.6987e+00	1.5000e+01
6.0268e+00	2.6987e+00	1.5000e+01
6.0408e+00	2.6814e+00	1.5000e+01
6.0408e+00	2.6814e+00	1.5000e+01
6.0473e+00	2.6733e+00	1.5000e+01
6.0473e+00	2.6733e+00	1.5000e+01
6.0656e+00	2.6508e+00	1.5000e+01
6.0656e+00	2.6508e+00	1.5000e+01
6.0743e+00	2.6400e+00	1.5000e+01
6.0743e+00	2.6400e+00	1.5000e+01
6.0773e+00	2.6362e+00	1.5000e+01
6.0773e+00	2.6362e+00	1.5000e+01
6.0835e+00	2.6285e+00	1.5000e+01
6.0835e+00	2.6285e+00	1.5000e+01
6.1008e+00	2.6068e+00	1.5000e+01
6.1008e+00	2.6068e+00	1.5000e+01
6.1131e+00	2.5918e+00	1.5000e+01
6.1131e+00	2.5918e+00	1.5000e+01
6.1274e+00	2.5740e+00	1.5000e+01
6.1274e+00	2.5740e+00	1.5000e+01
6.1381e+00	2.5612e+00	1.5000e+01
6.1381e+00	2.5612e+00	1.5000e+01
6.1489e+00	2.5481e+00	1.5000e+01
6.1489e+00	2.5481e+00	1.5000e+01
6.1541e+00	2.5416e+00	1.5000e+01
6.1541e+00	2.5416e+00	1.5000e+01
6.1696e+00	2.5230e+00	1.5000e+01
6.1696e+00	2.5230e+00	1.5000e+01
6.1806e+00	2.5096e+00	1.5000e+01
6.1806e+00	2.5096e+00	1.5000e+01
6.1843e+00	2.5051e+00	1.5000e+01
6.1843e+00	2.5051e+00	1.5000e+01
6.1917e+00	2.4962e+00	1.5000e+01
6.1917e+00	2.4962e+00	1.5000e+01
6.2068e+00	2.4777e+00	1.5000e+01
6.2068e+00	2.4777e+00	1.5000e+01
6.2193e+00	2.4628e+00	1.5000e+01
6.2193e+00	2.4628e+00	1.5000e+01
6.2331e+00	2.4462e+00	1.5000e+01
6.2331e+00	2.4462e+00	1.5000e+01
6.2438e+00	2.4336e+00	1.5000e+01
6.2438e+00	2.4336e+00	1.5000e+01
6.2542e+00	2.4213e+00	1.5000e+01
6.2542e+00	2.4213e+00	1.5000e+01
6.2594e+00	2.4151e+00	1.5000e+01
6.2594e+00	2.4151e+00	1.5000e+01
6.2755e+00	2.3963e+00	1.5000e+01
6.2755e+00	2.3963e+00	1.5000e+01
6.2856e+00	2.3843e+00	1.5000e+01
6.2856e+00	2.3843e+00	1.5000e+01
6.2889e+00	2.3805e+00	1.5000e+01
6.2889e+00	2.3805e+00	1.5000e+01
6.2953e+00	2.3730e+00	1.5000e+01
6.2953e+00	2.3730e+00	1.5000e+01
6.3116e+00	2.3538e+00	1.5000e+01
6.3116e+00	2.3538e+00	1.5000e+01
6.3232e+00	2.3403e+00	1.5000e+01
6.3232e+00	2.3403e+00	1.5000e+01
6.3376e+00	2.3237e+00	1.5000e+01
6.3376e+00	2.3237e+00	1.5000e+01
6.3456e+00	2.3145e+00	1.5000e+01
6.3456e+00	2.3145e+00	1.5000e+01
6.3575e+00	2.3009e+00	1.5000e+01
6.3575e+00	2.3009e+00	1.5000e+01
6.3636e+00	2.2939e+00	1.5000e+01
6.3636e+00	2.2939e+00	1.5000e+01
6.3831e+00	2.2718e+00	1.5000e+01
6.3831e+00	2.2718e+00	1.5000e+01
6.3896e+00	2.2644e+00	1.5000e+01
6.3896e+00	2.2644e+00	1.5000e+01
6.3917e+00	2.2621e+00	1.5000e+01
6.3917e+00	2.2621e+00	1.5000e+01
6.3955e+00	2.2577e+00	1.5000e+01
6.3955e+00	2.2577e+00	1.5000e+01
6.4154e+00	2.2352e+00	1.5000e+01
6.4154e+00	2.2352e+00	1.5000e+01
6.4256e+00	2.2239e+00	1.5000e+01
6.4256e+00	2.2239e+00	1.5000e+01
6.4413e+00	2.2064e+00	1.5000e+01
6.4413e+00	2.2064e+00	1.5000e+01
6.4446e+00	2.2027e+00	1.5000e+01
6.4446e+00	2.2027e+00	1.5000e+01
6.4594e+00	2.1864e+00	1.5000e+01
6.4594e+00	2.1864e+00	1.5000e+01
6.4671e+00	2.1779e+00	1.5000e+01
6.4671e+00	2.1779e+00	1.5000e+01
6.4926e+00	2.1503e+00	1.5000e+01
6.4926e+00	2.1503e+00	1.5000e+01
6.4931e+00	2.1497e+00	1.5000e+01
6.4931e+00	2.1497e+00	1.5000e+01
6.4932e+00	2.1496e+00	1.5000e+01
6.4932e+00	2.1496e+00	1.5000e+01
6.4935e+00	2.1493e+00	1.5000e+01
6.4935e+00	2.1493e+00	1.5000e+01
6.5188e+00	2.1219e+00	1.5000e+01
6.5188e+00	2.1219e+00	1.5000e+01
6.5269e+00	2.1133e+00	1.5000e+01
6.5269e+00	2.1133e+00	1.5000e+01
6.5419e+00	2.0974e+00	1.5000e+01
6.5419e+00	2.0974e+00	1.5000e+01
6.5447e+00	2.0944e+00	1.5000e+01
6.5447e+00	2.0944e+00	1.5000e+01
6.5606e+00	2.0777e+00	1.5000e+01
6.5606e+00	2.0777e+00	1.5000e+01
6.5706e+00	2.0672e+00	1.5000e+01
6.5706e+00	2.0672e+00	1.5000e+01
6.5901e+00	2.0469e+00	1.5000e+01
6.5901e+00	2.0469e+00	1.5000e+01
6.5943e+00	2.0427e+00	1.5000e+01
6.5943e+00	2.0427e+00	1.5000e+01
6.5965e+00	2.0403e+00	1.5000e+01
6.5965e+00	2.0403e+00	1.5000e+01
6.6039e+00	2.0326e+00	1.5000e+01
6.6039e+00	2.0326e+00	1.5000e+01
6.6224e+00	2.0138e+00	1.5000e+01
6.6224e+00	2.0138e+00	1.5000e+01
6.6280e+00	2.0082e+00	1.5000e+01
6.6280e+00	2.0082e+00	1.5000e+01
6.6384e+00	1.9978e+00	1.5000e+01
6.6384e+00	1.9978e+00	1.5000e+01
6.6484e+00	1.9877e+00	1.5000e+01
6.6484e+00	1.9877e+00	1.5000e+01
6.6619e+00	1.9744e+00	1.5000e+01
6.6619e+00	1.9744e+00	1.5000e+01
6.6745e+00	1.9618e+00	1.5000e+01
6.6745e+00	1.9618e+00	1.5000e+01
6.6865e+00	1.9500e+00	1.5000e+01
6.6865e+00	1.9500e+00	1.5000e+01
6.6956e+00	1.9411e+00	1.5000e+01
6.6956e+00	1.9411e+00	1.5000e+01
6.7005e+00	1.9362e+00	1.5000e+01
6.7005e+00	1.9362e+00	1.5000e+01
6.7172e+00	1.9200e+00	1.5000e+01
6.7172e+00	1.9200e+00	1.5000e+01
6.7267e+00	1.9110e+00	1.5000e+01
6.7267e+00	1.9110e+00	1.5000e+01
6.7296e+00	1.9083e+00	1.5000e+01
6.7296e+00	1.9083e+00	1.5000e+01
6.7349e+00	1.9033e+00	1.5000e+01
6.7349e+00	1.9033e+00	1.5000e+01
6.7531e+00	1.8862e+00	1.5000e+01
6.7531e+00	1.8862e+00	1.5000e+01
6.7639e+00	1.8761e+00	1.5000e+01
6.7639e+00	1.8761e+00	1.5000e+01
6.7795e+00	1.8616e+00	1.5000e+01
6.7795e+00	1.8616e+00	1.5000e+01
6.7837e+00	1.8577e+00	1.5000e+01
6.7837e+00	1.8577e+00	1.5000e+01
6.7982e+00	1.8445e+00	1.5000e+01
6.7982e+00	1.8445e+00	1.5000e+01
6.8059e+00	1.8374e+00	1.5000e+01
6.8059e+00	1.8374e+00	1.5000e+01
6.8324e+00	1.8134e+00	1.5000e+01
6.8324e+00	1.8134e+00	1.5000e+01
6.8324e+00	1.8134e+00	1.5000e+01
6.8324e+00	1.8134e+00	1.5000e+01
6.8324e+00	1.8134e+00	1.5000e+01
6.8324e+00	1.8134e+00	1.5000e+01
6.8324e+00	1.8134e+00	1.5000e+01
6.8324e+00	1.8134e+00	1.5000e+01
6.8594e+00	1.7899e+00	1.5000e+01
6.8594e+00	1.7899e+00	1.5000e+01
6.8677e+00	1.7828e+00	1.5000e+01
6.8677e+00	1.7828e+00	1.5000e+01
6.8829e+00	1.7698e+00	1.5000e+01
6.8829e+00	1.7698e+00	1.5000e+01
6.8865e+00	1.7666e+00	1.5000e+01
6.8865e+00	1.7666e+00	1.5000e+01
6.9029e+00	1.7528e+00	1.5000e+01
6.9029e+00	1.7528e+00	1.5000e+01
6.9136e+00	1.7437e+00	1.5000e+01
6.9136e+00	1.7437e+00	1.5000e+01
6.9332e+00	1.7273e+00	1.5000e+01
6.9332e+00	1.7273e+00	1.5000e+01
6.9381e+00	1.7232e+00	1.5000e+01
6.9381e+00	1.7232e+00	1.5000e+01
6.9407e+00	1.7210e+00	1.5000e+01
6.9407e+00	1.7210e+00	1.5000e+01
6.9496e+00	1.7136e+00	1.5000e+01
6.9496e+00	1.7136e+00	1.5000e+01
6.9684e+00	1.6988e+00	1.5000e+01
6.9684e+00	1.6988e+00	1.5000e+01
6.9744e+00	1.6942e+00	1.5000e+01
6.9744e+00	1.6942e+00	1.5000e+01
6.9855e+00	1.6854e+00	1.5000e+01
6.9855e+00	1.6854e+00	1.5000e+01
6.9965e+00	1.6768e+00	1.5000e+01
6.9965e+00	1.6768e+00	1.5000e+01
7.0112e+00	1.6656e+00	1.5000e+01
7.0112e+00	1.6656e+00	1.5000e+01
7.0246e+00	1.6552e+00	1.5000e+01
7.0246e+00	1.6552e+00	1.5000e+01
7.0387e+00	1.6445e+00	1.5000e+01
7.0387e+00	1.6445e+00	1.5000e+01
7.0479e+00	1.6375e+00	1.5000e+01
7.0479e+00	1.6375e+00	1.5000e+01
7.0527e+00	1.6338e+00	1.5000e+01
7.0527e+00	1.6338e+00	1.5000e+01
7.0688e+00	1.6217e+00	1.5000e+01
7.0688e+00	1.6217e+00	1.5000e+01
7.0815e+00	1.6128e+00	1.5000e+01
7.0815e+00	1.6128e+00	1.5000e+01
7.0857e+00	1.6099e+00	1.5000e+01
7.0857e+00	1.6099e+00	1.5000e+01
7.0938e+00	1.6042e+00	1.5000e+01
7.0938e+00	1.6042e+00	1.5000e+01
7.1110e+00	1.5922e+00	1.5000e+01
7.1110e+00	1.5922e+00	1.5000e+01
7.1248e+00	1.5827e+00	1.5000e+01
7.1248e+00	1.5827e+00	1.5000e+01
7.1406e+00	1.5719e+00	1.5000e+01
7.1406e+00	1.5719e+00	1.5000e+01
7.1516e+00	1.5644e+00	1.5000e+01
7.1516e+00	1.5644e+00	1.5000e+01
7.1640e+00	1.5561e+00	1.5000e+01
7.1640e+00	1.5561e+00	1.5000e+01
7.1702e+00	1.5518e+00	1.5000e+01
7.1702e+00	1.5518e+00	1.5000e+01
7.1900e+00	1.5385e+00	1.5000e+01
7.1900e+00	1.5385e+00	1.5000e+01
7.2006e+00	1.5321e+00	1.5000e+01
7.2006e+00	1.5321e+00	1.5000e+01
7.2043e+00	1.5298e+00	1.5000e+01
7.2043e+00	1.5298e+00	1.5000e+01
7.2119e+00	1.5252e+00	1.5000e+01
7.2119e+00	1.5252e+00	1.5000e+01
7.2322e+00	1.5128e+00	1.5000e+01
7.2322e+00	1.5128e+00	1.5000e+01
7.2470e+00	1.5040e+00	1.5000e+01
7.2470e+00	1.5040e+00	1.5000e+01
7.2639e+00	1.4939e+00	1.5000e+01
7.2639e+00	1.4939e+00	1.5000e+01
7.2773e+00	1.4860e+00	1.5000e+01
7.2773e+00	1.4860e+00	1.5000e+01
7.2898e+00	1.4787e+00	1.5000e+01
7.2898e+00	1.4787e+00	1.5000e+01
7.2958e+00	1.4751e+00	1.5000e+01
7.2958e+00	1.4751e+00	1.5000e+01
7.3133e+00	1.4648e+00	1.5000e+01
7.3133e+00	1.4648e+00	1.5000e+01
7.3288e+00	1.4568e+00	1.5000e+01
7.3288e+00	1.4568e+00	1.5000e+01
7.3349e+00	1.4537e+00	1.5000e+01
7.3349e+00	1.4537e+00	1.5000e+01
7.3484e+00	1.4468e+00	1.5000e+01
7.3484e+00	1.4468e+00	1.5000e+01
7.3635e+00	1.4390e+00	1.5000e+01
7.3635e+00	1.4390e+00	1.5000e+01
7.3830e+00	1.4292e+00	1.5000e+01
7.3830e+00	1.4292e+00	1.5000e+01
7.3983e+00	1.4214e+00	1.5000e+01
7.3983e+00	1.4214e+00	1.5000e+01
7.4266e+00	1.4074e+00	1.5000e+01
7.4266e+00	1.4074e+00	1.5000e+01
7.4313e+00	1.4051e+00	1.5000e+01
7.4313e+00	1.4051e+00	1.5000e+01
7.4333e+00	1.4041e+00	1.5000e+01
7.4333e+00	1.4041e+00	1.5000e+01
7.4388e+00	1.4014e+00	1.5000e+01
7.4388e+00	1.4014e+00	1.5000e+01
7.4717e+00	1.3875e+00	1.5000e+01
7.4717e+00	1.3875e+00	1.5000e+01
7.4865e+00	1.3814e+00	1.5000e+01
7.4865e+00	1.3814e+00	1.5000e+01
7.5109e+00	1.3713e+00	1.5000e+01
7.5109e+00	1.3713e+00	1.5000e+01
7.5247e+00	1.3656e+00	1.5000e+01
7.5247e+00	1.3656e+00	1.5000e+01
7.5432e+00	1.3581e+00	1.5000e+01
7.5432e+00	1.3581e+00	1.5000e+01
7.5503e+00	1.3552e+00	1.5000e+01
7.5503e+00	1.3552e+00	1.5000e+01
7.5664e+00	1.3487e+00	1.5000e+01
7.5664e+00	1.3487e+00	1.5000e+01
7.5933e+00	1.3400e+00	1.5000e+01
7.5933e+00	1.3400e+00	1.5000e+01
7.6082e+00	1.3352e+00	1.5000e+01
7.6082e+00	1.3352e+00	1.5000e+01
7.6390e+00	1.3253e+00	1.5000e+01
7.6390e+00	1.3253e+00	1.5000e+01
7.6587e+00	1.3191e+00	1.5000e+01
7.6587e+00	1.3191e+00	1.5000e+01
7.6792e+00	1.3127e+00	1.5000e+01
7.6792e+00	1.3127e+00	1.5000e+01
7.6851e+00	1.3108e+00	1.5000e+01
7.6851e+00	1.3108e+00	1.5000e+01
7.6961e+00	1.3074e+00	1.5000e+01
7.6961e+00	1.3074e+00	1.5000e+01
7.7384e+00	1.2977e+00	1.5000e+01
7.7384e+00	1.2977e+00	1.5000e+01
7.7700e+00	1.2906e+00	1.5000e+01
7.7700e+00	1.2906e+00	1.5000e+01
7.7945e+00	1.2850e+00	1.5000e+01
7.7945e+00	1.2850e+00	1.5000e+01
7.8281e+00	1.2776e+00	1.5000e+01
7.8281e+00	1.2776e+00	1.5000e+01
7.8575e+00	1.2736e+00	1.5000e+01
7.8575e+00	1.2736e+00	1.5000e+01
7.8930e+00	1.2688e+00	1.5000e+01
7.8930e+00	1.2688e+00	1.5000e+01
7.9305e+00	1.2637e+00	1.5000e+01
7.9305e+00	1.2637e+00	1.5000e+01
7.9624e+00	1.2595e+00	1.5000e+01
7.9624e+00	1.2595e+00	1.5000e+01
8.0217e+00	1.2567e+00	1.5000e+01
8.0217e+00	1.2567e+00	1.5000e+01
8.0464e+00	1.2556e+00	1.5000e+01
8.0464e+00	1.2556e+00	1.5000e+01
8.0990e+00	1.2531e+00	1.5000e+01
8.0990e+00	1.2531e+00	1.5000e+01
8.1471e+00	1.2548e+00	1.5000e+01
8.1471e+00	1.2548e+00	1.5000e+01
8.1811e+00	1.2561e+00	1.5000e+01
8.1811e+00	1.2561e+00	1.5000e+01
8.2379e+00	1.2580e+00	1.5000e+01
8.2379e+00	1.2580e+00	1.5000e+01
8.2781e+00	1.2626e+00	1.5000e+01
8.2781e+00	1.2626e+00	1.5000e+01
8.3332e+00	1.2688e+00	1.5000e+01
8.3332e+00	1.2688e+00	1.5000e+01
8.3599e+00	1.2717e+00	1.5000e+01
8.3599e+00	1.2717e+00	1.5000e+01
8.3792e+00	1.2738e+00	1.5000e+01
8.3792e+00	1.2738e+00	1.5000e+01
8.4290e+00	1.2830e+00	1.5000e+01
8.4290e+00	1.2830e+00	1.5000e+01
8.4712e+00	1.2906e+00	1.5000e+01
8.4712e+00	1.2906e+00	1.5000e+01
8.4950e+00	1.2948e+00	1.5000e+01
8.4950e+00	1.2948e+00	1.5000e+01
8.5229e+00	1.2997e+00	1.5000e+01
8.5229e+00	1.2997e+00	1.5000e+01
8.5555e+00	1.3077e+00	1.5000e+01
8.5555e+00	1.3077e+00	1.5000e+01
8.5762e+00	1.3127e+00	1.5000e+01
8.5762e+00	1.3127e+00	1.5000e+01
8.6124e+00	1.3214e+00	1.5000e+01
8.6124e+00	1.3214e+00	1.5000e+01
8.6691e+00	1.3347e+00	1.5000e+01
8.6691e+00	1.3347e+00	1.5000e+01
8.6701e+00	1.3351e+00	1.5000e+01
8.6701e+00	1.3351e+00	1.5000e+01
8.6707e+00	1.3352e+00	1.5000e+01
8.6707e+00	1.3352e+00	1.5000e+01
8.6726e+00	1.3358e+00	1.5000e+01
8.6726e+00	1.3358e+00	1.5000e+01
8.7212e+00	1.3500e+00	1.5000e+01
8.7212e+00	1.3500e+00	1.5000e+01
8.7491e+00	1.3581e+00	1.5000e+01
8.7491e+00	1.3581e+00	1.5000e+01
8.7732e+00	1.3650e+00	1.5000e+01
8.7732e+00	1.3650e+00	1.5000e+01
8.8177e+00	1.3776e+00	1.5000e+01
8.8177e+00	1.3776e+00	1.5000e+01
8.8254e+00	1.3802e+00	1.5000e+01
8.8254e+00	1.3802e+00	1.5000e+01
8.8290e+00	1.3814e+00	1.5000e+01
8.8290e+00	1.3814e+00	1.5000e+01
8.8393e+00	1.3848e+00	1.5000e+01
8.8393e+00	1.3848e+00	1.5000e+01
8.8738e+00	1.3962e+00	1.5000e+01
8.8738e+00	1.3962e+00	1.5000e+01
8.9009e+00	1.4051e+00	1.5000e+01
8.9009e+00	1.4051e+00	1.5000e+01
8.9232e+00	1.4123e+00	1.5000e+01
8.9232e+00	1.4123e+00	1.5000e+01
8.9690e+00	1.4270e+00	1.5000e+01
8.9690e+00	1.4270e+00	1.5000e+01
8.9732e+00	1.4286e+00	1.5000e+01
8.9732e+00	1.4286e+00	1.5000e+01
8.9750e+00	1.4292e+00	1.5000e+01
8.9750e+00	1.4292e+00	1.5000e+01
8.9799e+00	1.4310e+00	1.5000e+01
8.9799e+00	1.4310e+00	1.5000e+01
9.0204e+00	1.4454e+00	1.5000e+01
9.0204e+00	1.4454e+00	1.5000e+01
9.0438e+00	1.4537e+00	1.5000e+01
9.0438e+00	1.4537e+00	1.5000e+01
9.0686e+00	1.4624e+00	1.5000e+01
9.0686e+00	1.4624e+00	1.5000e+01
9.1089e+00	1.4764e+00	1.5000e+01
9.1089e+00	1.4764e+00	1.5000e+01
9.1153e+00	1.4787e+00	1.5000e+01
9.1153e+00	1.4787e+00	1.5000e+01
9.1177e+00	1.4795e+00	1.5000e+01
9.1177e+00	1.4795e+00	1.5000e+01
9.1228e+00	1.4812e+00	1.5000e+01
9.1228e+00	1.4812e+00	1.5000e+01
9.1653e+00	1.4970e+00	1.5000e+01
9.1653e+00	1.4970e+00	1.5000e+01
9.1843e+00	1.5040e+00	1.5000e+01
9.1843e+00	1.5040e+00	1.5000e+01
9.2137e+00	1.5147e+00	1.5000e+01
9.2137e+00	1.5147e+00	1.5000e+01
9.2354e+00	1.5226e+00	1.5000e+01
9.2354e+00	1.5226e+00	1.5000e+01
9.2553e+00	1.5298e+00	1.5000e+01
9.2553e+00	1.5298e+00	1.5000e+01
9.2629e+00	1.5325e+00	1.5000e+01
9.2629e+00	1.5325e+00	1.5000e+01
9.2793e+00	1.5383e+00	1.5000e+01
9.2793e+00	1.5383e+00	1.5000e+01
9.3121e+00	1.5506e+00	1.5000e+01
9.3121e+00	1.5506e+00	1.5000e+01
9.3268e+00	1.5561e+00	1.5000e+01
9.3268e+00	1.5561e+00	1.5000e+01
9.3617e+00	1.5688e+00	1.5000e+01
9.3617e+00	1.5688e+00	1.5000e+01
9.3673e+00	1.5708e+00	1.5000e+01
9.3673e+00	1.5708e+00	1.5000e+01
9.4001e+00	1.5827e+00	1.5000e+01
9.4001e+00	1.5827e+00	1.5000e+01
9.4123e+00	1.5871e+00	1.5000e+01
9.4123e+00	1.5871e+00	1.5000e+01
9.4384e+00	1.5964e+00	1.5000e+01
9.4384e+00	1.5964e+00	1.5000e+01
9.4638e+00	1.6056e+00	1.5000e+01
9.4638e+00	1.6056e+00	1.5000e+01
9.4758e+00	1.6099e+00	1.5000e+01
9.4758e+00	1.6099e+00	1.5000e+01
9.5109e+00	1.6223e+00	1.5000e+01
9.5109e+00	1.6223e+00	1.5000e+01
9.5162e+00	1.6241e+00	1.5000e+01
9.5162e+00	1.6241e+00	1.5000e+01
9.5543e+00	1.6375e+00	1.5000e+01
9.5543e+00	1.6375e+00	1.5000e+01
9.5695e+00	1.6428e+00	1.5000e+01
9.5695e+00	1.6428e+00	1.5000e+01
9.6003e+00	1.6533e+00	1.5000e+01
9.6003e+00	1.6533e+00	1.5000e+01
9.6244e+00	1.6614e+00	1.5000e+01
9.6244e+00	1.6614e+00	1.5000e+01
9.6371e+00	1.6656e+00	1.5000e+01
9.6371e+00	1.6656e+00	1.5000e+01
9.6788e+00	1.6792e+00	1.5000e+01
9.6788e+00	1.6792e+00	1.5000e+01
9.6812e+00	1.6800e+00	1.5000e+01
9.6812e+00	1.6800e+00	1.5000e+01
9.7249e+00	1.6942e+00	1.5000e+01
9.7249e+00	1.6942e+00	1.5000e+01
9.7390e+00	1.6987e+00	1.5000e+01
9.7390e+00	1.6987e+00	1.5000e+01
9.7650e+00	1.7069e+00	1.5000e+01
9.7650e+00	1.7069e+00	1.5000e+01
9.7997e+00	1.7171e+00	1.5000e+01
9.7997e+00	1.7171e+00	1.5000e+01
9.8208e+00	1.7232e+00	1.5000e+01
9.8208e+00	1.7232e+00	1.5000e+01
9.8631e+00	1.7353e+00	1.5000e+01
9.8631e+00	1.7353e+00	1.5000e+01
9.9121e+00	1.7492e+00	1.5000e+01
9.9121e+00	1.7492e+00	1.5000e+01
9.9247e+00	1.7528e+00	1.5000e+01
9.9247e+00	1.7528e+00	1.5000e+01
9.9277e+00	1.7536e+00	1.5000e+01
9.9277e+00	1.7536e+00	1.5000e+01
9.9325e+00	1.7549e+00	1.5000e+01
9.9325e+00	1.7549e+00	1.5000e+01
9.9993e+00	1.7709e+00	1.5000e+01
9.9993e+00	1.7709e+00	1.5000e+01
1.0050e+01	1.7828e+00	1.5000e+01
1.0050e+01	1.7828e+00	1.5000e+01
1.0073e+01	1.7882e+00	1.5000e+01
1.0073e+01	1.7882e+00	1.5000e+01
1.0103e+01	1.7951e+00	1.5000e+01
1.0103e+01	1.7951e+00	1.5000e+01
1.0154e+01	1.8043e+00	1.5000e+01
1.0154e+01	1.8043e+00	1.5000e+01
1.0205e+01	1.8134e+00	1.5000e+01
1.0205e+01	1.8134e+00	1.5000e+01
1.0241e+01	1.8196e+00	1.5000e+01
1.0241e+01	1.8196e+00	1.5000e+01
1.0276e+01	1.8256e+00	1.5000e+01
1.0276e+01	1.8256e+00	1.5000e+01
1.0342e+01	1.8328e+00	1.5000e+01
1.0342e+01	1.8328e+00	1.5000e+01
1.0452e+01	1.8445e+00	1.5000e+01
1.0452e+01	1.8445e+00	1.5000e+01
1.0452e+01	1.8446e+00	1.5000e+01
1.0452e+01	1.8446e+00	1.5000e+01
1.0452e+01	1.8446e+00	1.5000e+01
1.0452e+01	1.8446e+00	1.5000e+01
1.0453e+01	1.8446e+00	1.5000e+01
1.0453e+01	1.8446e+00	1.5000e+01
1.0603e+01	1.8495e+00	1.5000e+01
1.0603e+01	1.8495e+00	1.5000e+01
1.0632e+01	1.8503e+00	1.5000e+01
1.0632e+01	1.8503e+00	1.5000e+01
1.0658e+01	1.8491e+00	1.5000e+01
1.0658e+01	1.8491e+00	1.5000e+01
1.0756e+01	1.8445e+00	1.5000e+01
1.0756e+01	1.8445e+00	1.5000e+01
1.0802e+01	1.8424e+00	1.5000e+01
1.0802e+01	1.8424e+00	1.5000e+01
1.0814e+01	1.8418e+00	1.5000e+01
1.0814e+01	1.8418e+00	1.5000e+01
1.0881e+01	1.8332e+00	1.5000e+01
1.0881e+01	1.8332e+00	1.5000e+01
1.0910e+01	1.8295e+00	1.5000e+01
1.0910e+01	1.8295e+00	1.5000e+01
1.0999e+01	1.8182e+00	1.5000e+01
1.0999e+01	1.8182e+00	1.5000e+01
1.1012e+01	1.8155e+00	1.5000e+01
1.1012e+01	1.8155e+00	1.5000e+01
1.1022e+01	1.8134e+00	1.5000e+01
1.1022e+01	1.8134e+00	1.5000e+01
1.1095e+01	1.7983e+00	1.5000e+01
1.1095e+01	1.7983e+00	1.5000e+01
1.1106e+01	1.7961e+00	1.5000e+01
1.1106e+01	1.7961e+00	1.5000e+01
1.1171e+01	1.7828e+00	1.5000e+01
1.1171e+01	1.7828e+00	1.5000e+01
1.1178e+01	1.7813e+00	1.5000e+01
1.1178e+01	1.7813e+00	1.5000e+01
1.1188e+01	1.7793e+00	1.5000e+01
1.1188e+01	1.7793e+00	1.5000e+01
1.1248e+01	1.7621e+00	1.5000e+01
1.1248e+01	1.7621e+00	1.5000e+01
1.1281e+01	1.7528e+00	1.5000e+01
1.1281e+01	1.7528e+00	1.5000e+01
1.1316e+01	1.7429e+00	1.5000e+01
1.1316e+01	1.7429e+00	1.5000e+01
1.1380e+01	1.7254e+00	1.5000e+01
1.1380e+01	1.7254e+00	1.5000e+01
1.1384e+01	1.7239e+00	1.5000e+01
1.1384e+01	1.7239e+00	1.5000e+01
1.1386e+01	1.7232e+00	1.5000e+01
1.1386e+01	1.7232e+00	1.5000e+01
1.1391e+01	1.7216e+00	1.5000e+01
1.1391e+01	1.7216e+00	1.5000e+01
1.1442e+01	1.7034e+00	1.5000e+01
1.1442e+01	1.7034e+00	1.5000e+01
1.1468e+01	1.6942e+00	1.5000e+01
1.1468e+01	1.6942e+00	1.5000e+01
1.1500e+01	1.6831e+00	1.5000e+01
1.1500e+01	1.6831e+00	1.5000e+01
1.1533e+01	1.6717e+00	1.5000e+01
1.1533e+01	1.6717e+00	1.5000e+01
1.1551e+01	1.6656e+00	1.5000e+01
1.1551e+01	1.6656e+00	1.5000e+01
1.1558e+01	1.6631e+00	1.5000e+01
1.1558e+01	1.6631e+00	1.5000e+01
1.1575e+01	1.6572e+00	1.5000e+01
1.1575e+01	1.6572e+00	1.5000e+01
1.1611e+01	1.6425e+00	1.5000e+01
1.1611e+01	1.6425e+00	1.5000e+01
1.1623e+01	1.6375e+00	1.5000e+01
1.1623e+01	1.6375e+00	1.5000e+01
1.1648e+01	1.6273e+00	1.5000e+01
1.1648e+01	1.6273e+00	1.5000e+01
1.1661e+01	1.6218e+00	1.5000e+01
1.1661e+01	1.6218e+00	1.5000e+01
1.1690e+01	1.6099e+00	1.5000e+01
1.1690e+01	1.6099e+00	1.5000e+01
1.1711e+01	1.6014e+00	1.5000e+01
1.1711e+01	1.6014e+00	1.5000e+01
1.1750e+01	1.5859e+00	1.5000e+01
1.1750e+01	1.5859e+00	1.5000e+01
1.1758e+01	1.5827e+00	1.5000e+01
1.1758e+01	1.5827e+00	1.5000e+01
1.1762e+01	1.5812e+00	1.5000e+01
1.1762e+01	1.5812e+00	1.5000e+01
1.1774e+01	1.5765e+00	1.5000e+01
1.1774e+01	1.5765e+00	1.5000e+01
1.1808e+01	1.5606e+00	1.5000e+01
1.1808e+01	1.5606e+00	1.5000e+01
1.1818e+01	1.5561e+00	1.5000e+01
1.1818e+01	1.5561e+00	1.5000e+01
1.1836e+01	1.5479e+00	1.5000e+01
1.1836e+01	1.5479e+00	1.5000e+01
1.1853e+01	1.5401e+00	1.5000e+01
1.1853e+01	1.5401e+00	1.5000e+01
1.1876e+01	1.5298e+00	1.5000e+01
1.1876e+01	1.5298e+00	1.5000e+01
1.1897e+01	1.5198e+00	1.5000e+01
1.1897e+01	1.5198e+00	1.5000e+01
1.1916e+01	1.5115e+00	1.5000e+01
1.1916e+01	1.5115e+00	1.5000e+01
1.1933e+01	1.5040e+00	1.5000e+01
1.1933e+01	1.5040e+00	1.5000e+01
1.1942e+01	1.4998e+00	1.5000e+01
1.1942e+01	1.4998e+00	1.5000e+01
1.1976e+01	1.4850e+00	1.5000e+01
1.1976e+01	1.4850e+00	1.5000e+01
1.1986e+01	1.4799e+00	1.5000e+01
1.1986e+01	1.4799e+00	1.5000e+01
1.1989e+01	1.4787e+00	1.5000e+01
1.1989e+01	1.4787e+00	1.5000e+01
1.1993e+01	1.4765e+00	1.5000e+01
1.1993e+01	1.4765e+00	1.5000e+01
1.2027e+01	1.4599e+00	1.5000e+01
1.2027e+01	1.4599e+00	1.5000e+01
1.2039e+01	1.4537e+00	1.5000e+01
1.2039e+01	1.4537e+00	1.5000e+01
1.2060e+01	1.4435e+00	1.5000e+01
1.2060e+01	1.4435e+00	1.5000e+01
1.2067e+01	1.4401e+00	1.5000e+01
1.2067e+01	1.4401e+00	1.5000e+01
1.2090e+01	1.4292e+00	1.5000e+01
1.2090e+01	1.4292e+00	1.5000e+01
1.2108e+01	1.4206e+00	1.5000e+01
1.2108e+01	1.4206e+00	1.5000e+01
1.2127e+01	1.4114e+00	1.5000e+01
1.2127e+01	1.4114e+00	1.5000e+01
1.2140e+01	1.4051e+00	1.5000e+01
1.2140e+01	1.4051e+00	1.5000e+01
1.2148e+01	1.4013e+00	1.5000e+01
1.2148e+01	1.4013e+00	1.5000e+01
1.2181e+01	1.3857e+00	1.5000e+01
1.2181e+01	1.3857e+00	1.5000e+01
1.2188e+01	1.3822e+00	1.5000e+01
1.2188e+01	1.3822e+00	1.5000e+01
1.2189e+01	1.3814e+00	1.5000e+01
1.2189e+01	1.3814e+00	1.5000e+01
1.2192e+01	1.3802e+00	1.5000e+01
1.2192e+01	1.3802e+00	1.5000e+01
1.2225e+01	1.3631e+00	1.5000e+01
1.2225e+01	1.3631e+00	1.5000e+01
1.2235e+01	1.3581e+00	1.5000e+01
1.2235e+01	1.3581e+00	1.5000e+01
1.2251e+01	1.3504e+00	1.5000e+01
1.2251e+01	1.3504e+00	1.5000e+01
1.2263e+01	1.3442e+00	1.5000e+01
1.2263e+01	1.3442e+00	1.5000e+01
1.2281e+01	1.3352e+00	1.5000e+01
1.2281e+01	1.3352e+00	1.5000e+01
1.2300e+01	1.3256e+00	1.5000e+01
1.2300e+01	1.3256e+00	1.5000e+01
1.2309e+01	1.3214e+00	1.5000e+01
1.2309e+01	1.3214e+00	1.5000e+01
1.2326e+01	1.3127e+00	1.5000e+01
1.2326e+01	1.3127e+00	1.5000e+01
1.2337e+01	1.3071e+00	1.5000e+01
1.2337e+01	1.3071e+00	1.5000e+01
1.2366e+01	1.2931e+00	1.5000e+01
1.2366e+01	1.2931e+00	1.5000e+01
1.2371e+01	1.2906e+00	1.5000e+01
1.2371e+01	1.2906e+00	1.5000e+01
1.2375e+01	1.2890e+00	1.5000e+01
1.2375e+01	1.2890e+00	1.5000e+01
1.2390e+01	1.2814e+00	1.5000e+01
1.2390e+01	1.2814e+00	1.5000e+01
1.2411e+01	1.2709e+00	1.5000e+01
1.2411e+01	1.2709e+00	1.5000e+01
1.2415e+01	1.2688e+00	1.5000e+01
1.2415e+01	1.2688e+00	1.5000e+01
1.2421e+01	1.2656e+00	1.5000e+01
1.2421e+01	1.2656e+00	1.5000e+01
1.2446e+01	1.2531e+00	1.5000e+01
1.2446e+01	1.2531e+00	1.5000e+01
1.2457e+01	1.2474e+00	1.5000e+01
1.2457e+01	1.2474e+00	1.5000e+01
1.2474e+01	1.2390e+00	1.5000e+01
1.2474e+01	1.2390e+00	1.5000e+01
1.2481e+01	1.2354e+00	1.5000e+01
1.2481e+01	1.2354e+00	1.5000e+01
1.2500e+01	1.2264e+00	1.5000e+01
1.2500e+01	1.2264e+00	1.5000e+01
1.2516e+01	1.2180e+00	1.5000e+01
1.2516e+01	1.2180e+00	1.5000e+01
1.2527e+01	1.2130e+00	1.5000e+01
1.2527e+01	1.2130e+00	1.5000e+01
1.2541e+01	1.2057e+00	1.5000e+01
1.2541e+01	1.2057e+00	1.5000e+01
1.2551e+01	1.2008e+00	1.5000e+01
1.2551e+01	1.2008e+00	1.5000e+01
1.2578e+01	1.1877e+00	1.5000e+01
1.2578e+01	1.1877e+00	1.5000e+01
1.2583e+01	1.1854e+00	1.5000e+01
1.2583e+01	1.1854e+00	1.5000e+01
1.2586e+01	1.1838e+00	1.5000e+01
1.2586e+01	1.1838e+00	1.5000e+01
1.2602e+01	1.1759e+00	1.5000e+01
1.2602e+01	1.1759e+00	1.5000e+01
1.2621e+01	1.1671e+00	1.5000e+01
1.2621e+01	1.1671e+00	1.5000e+01
1.2624e+01	1.1654e+00	1.5000e+01
1.2624e+01	1.1654e+00	1.5000e+01
1.2629e+01	1.1629e+00	1.5000e+01
1.2629e+01	1.1629e+00	1.5000e+01
1.2655e+01	1.1505e+00	1.5000e+01
1.2655e+01	1.1505e+00	1.5000e+01
1.2665e+01	1.1457e+00	1.5000e+01
1.2665e+01	1.1457e+00	1.5000e+01
1.2679e+01	1.1388e+00	1.5000e+01
1.2679e+01	1.1388e+00	1.5000e+01
1.2689e+01	1.1341e+00	1.5000e+01
1.2689e+01	1.1341e+00	1.5000e+01
1.2705e+01	1.1264e+00	1.5000e+01
1.2705e+01	1.1264e+00	1.5000e+01
1.2723e+01	1.1180e+00	1.5000e+01
1.2723e+01	1.1180e+00	1.5000e+01
1.2728e+01	1.1153e+00	1.5000e+01
1.2728e+01	1.1153e+00	1.5000e+01
1.2745e+01	1.1074e+00	1.5000e+01
1.2745e+01	1.1074e+00	1.5000e+01
1.2756e+01	1.1020e+00	1.5000e+01
1.2756e+01	1.1020e+00	1.5000e+01
1.2777e+01	1.0923e+00	1.5000e+01
1.2777e+01	1.0923e+00	1.5000e+01
1.2785e+01	1.0887e+00	1.5000e+01
1.2785e+01	1.0887e+00	1.5000e+01
1.2790e+01	1.0863e+00	1.5000e+01
1.2790e+01	1.0863e+00	1.5000e+01
1.2819e+01	1.0728e+00	1.5000e+01
1.2819e+01	1.0728e+00	1.5000e+01
1.2823e+01	1.0708e+00	1.5000e+01
1.2823e+01	1.0708e+00	1.5000e+01
1.2824e+01	1.0704e+00	1.5000e+01
1.2824e+01	1.0704e+00	1.5000e+01
1.2825e+01	1.0698e+00	1.5000e+01
1.2825e+01	1.0698e+00	1.5000e+01
1.2857e+01	1.0555e+00	1.5000e+01
1.2857e+01	1.0555e+00	1.5000e+01
1.2864e+01	1.0523e+00	1.5000e+01
1.2864e+01	1.0523e+00	1.5000e+01
1.2874e+01	1.0478e+00	1.5000e+01
1.2874e+01	1.0478e+00	1.5000e+01
1.2891e+01	1.0404e+00	1.5000e+01
1.2891e+01	1.0404e+00	1.5000e+01
1.2904e+01	1.0346e+00	1.5000e+01
1.2904e+01	1.0346e+00	1.5000e+01
1.2923e+01	1.0262e+00	1.5000e+01
1.2923e+01	1.0262e+00	1.5000e+01
1.2925e+01	1.0256e+00	1.5000e+01
1.2925e+01	1.0256e+00	1.5000e+01
1.2944e+01	1.0172e+00	1.5000e+01
1.2944e+01	1.0172e+00	1.5000e+01
1.2958e+01	1.0109e+00	1.5000e+01
1.2958e+01	1.0109e+00	1.5000e+01
1.2971e+01	1.0052e+00	1.5000e+01
1.2971e+01	1.0052e+00	1.5000e+01
1.2983e+01	1.0000e+00	1.5000e+01
1.5887e+01	1.0000e+00	1.5000e+01
1.5908e+01	1.0052e+00	1.5000e+01
1.5908e+01	1.0052e+00	1.5000e+01
1.5946e+01	1.0143e+00	1.5000e+01
1.5946e+01	1.0143e+00	1.5000e+01
1.5957e+01	1.0172e+00	1.5000e+01
1.5957e+01	1.0172e+00	1.5000e+01
1.5964e+01	1.0188e+00	1.5000e+01
1.5964e+01	1.0188e+00	1.5000e+01
1.5990e+01	1.0251e+00	1.5000e+01
1.5990e+01	1.0251e+00	1.5000e+01
1.6023e+01	1.0325e+00	1.5000e+01
1.6023e+01	1.0325e+00	1.5000e+01
1.6033e+01	1.0346e+00	1.5000e+01
1.6033e+01	1.0346e+00	1.5000e+01
1.6051e+01	1.0385e+00	1.5000e+01
1.6051e+01	1.0385e+00	1.5000e+01
1.6085e+01	1.0461e+00	1.5000e+01
1.6085e+01	1.0461e+00	1.5000e+01
1.6114e+01	1.0523e+00	1.5000e+01
1.6114e+01	1.0523e+00	1.5000e+01
1.6149e+01	1.0599e+00	1.5000e+01
1.6149e+01	1.0599e+00	1.5000e+01
1.6168e+01	1.0641e+00	1.5000e+01
1.6168e+01	1.0641e+00	1.5000e+01
1.6197e+01	1.0704e+00	1.5000e+01
1.6197e+01	1.0704e+00	1.5000e+01
1.6213e+01	1.0738e+00	1.5000e+01
1.6213e+01	1.0738e+00	1.5000e+01
1.6264e+01	1.0846e+00	1.5000e+01
1.6264e+01	1.0846e+00	1.5000e+01
1.6282e+01	1.0876e+00	1.5000e+01
1.6282e+01	1.0876e+00	1.5000e+01
1.6289e+01	1.0887e+00	1.5000e+01
1.6289e+01	1.0887e+00	1.5000e+01
1.6305e+01	1.0915e+00	1.5000e+01
1.6305e+01	1.0915e+00	1.5000e+01
1.6361e+01	1.1009e+00	1.5000e+01
1.6361e+01	1.1009e+00	1.5000e+01
1.6400e+01	1.1074e+00	1.5000e+01
1.6400e+01	1.1074e+00	1.5000e+01
1.6442e+01	1.1143e+00	1.5000e+01
1.6442e+01	1.1143e+00	1.5000e+01
1.6497e+01	1.1232e+00	1.5000e+01
1.6497e+01	1.1232e+00	1.5000e+01
1.6516e+01	1.1264e+00	1.5000e+01
1.6516e+01	1.1264e+00	1.5000e+01
1.6524e+01	1.1277e+00	1.5000e+01
1.6524e+01	1.1277e+00	1.5000e+01
1.6543e+01	1.1308e+00	1.5000e+01
1.6543e+01	1.1308e+00	1.5000e+01
1.6632e+01	1.1397e+00	1.5000e+01
1.6632e+01	1.1397e+00	1.5000e+01
1.6693e+01	1.1457e+00	1.5000e+01
1.6693e+01	1.1457e+00	1.5000e+01
1.6748e+01	1.1511e+00	1.5000e+01
1.6748e+01	1.1511e+00	1.5000e+01
1.6827e+01	1.1587e+00	1.5000e+01
1.6827e+01	1.1587e+00	1.5000e+01
1.6901e+01	1.1603e+00	1.5000e+01
1.6901e+01	1.1603e+00	1.5000e+01
1.7100e+01	1.1643e+00	1.5000e+01
1.7100e+01	1.1643e+00	1.5000e+01
1.7116e+01	1.1646e+00	1.5000e+01
1.7116e+01	1.1646e+00	1.5000e+01
1.7261e+01	1.1554e+00	1.5000e+01
1.7261e+01	1.1554e+00	1.5000e+01
1.7288e+01	1.1538e+00	1.5000e+01
1.7288e+01	1.1538e+00	1.5000e+01
1.7409e+01	1.1464e+00	1.5000e+01
1.7409e+01	1.1464e+00	1.5000e+01
1.7412e+01	1.1459e+00	1.5000e+01
1.7412e+01	1.1459e+00	1.5000e+01
1.7414e+01	1.1457e+00	1.5000e+01
1.7414e+01	1.1457e+00	1.5000e+01
1.7417e+01	1.1452e+00	1.5000e+01
1.7417e+01	1.1452e+00	1.5000e+01
1.7504e+01	1.1326e+00	1.5000e+01
1.7504e+01	1.1326e+00	1.5000e+01
1.7547e+01	1.1264e+00	1.5000e+01
1.7547e+01	1.1264e+00	1.5000e+01
1.7597e+01	1.1194e+00	1.5000e+01
1.7597e+01	1.1194e+00	1.5000e+01
1.7661e+01	1.1104e+00	1.5000e+01
1.7661e+01	1.1104e+00	1.5000e+01
1.7682e+01	1.1074e+00	1.5000e+01
1.7682e+01	1.1074e+00	1.5000e+01
1.7690e+01	1.1063e+00	1.5000e+01
1.7690e+01	1.1063e+00	1.5000e+01
1.7708e+01	1.1038e+00	1.5000e+01
1.7708e+01	1.1038e+00	1.5000e+01
1.7762e+01	1.0921e+00	1.5000e+01
1.7762e+01	1.0921e+00	1.5000e+01
1.7777e+01	1.0887e+00	1.5000e+01
1.7777e+01	1.0887e+00	1.5000e+01
1.7805e+01	1.0828e+00	1.5000e+01
1.7805e+01	1.0828e+00	1.5000e+01
1.7829e+01	1.0777e+00	1.5000e+01
1.7829e+01	1.0777e+00	1.5000e+01
1.7863e+01	1.0704e+00	1.5000e+01
1.7863e+01	1.0704e+00	1.5000e+01
1.7895e+01	1.0635e+00	1.5000e+01
1.7895e+01	1.0635e+00	1.5000e+01
1.7924e+01	1.0575e+00	1.5000e+01
1.7924e+01	1.0575e+00	1.5000e+01
1.7948e+01	1.0523e+00	1.5000e+01
1.7948e+01	1.0523e+00	1.5000e+01
1.7962e+01	1.0494e+00	1.5000e+01
1.7962e+01	1.0494e+00	1.5000e+01
1.8012e+01	1.0391e+00	1.5000e+01
1.8012e+01	1.0391e+00	1.5000e+01
1.8025e+01	1.0354e+00	1.5000e+01
1.8025e+01	1.0354e+00	1.5000e+01
1.8028e+01	1.0346e+00	1.5000e+01
1.8028e+01	1.0346e+00	1.5000e+01
1.8033e+01	1.0334e+00	1.5000e+01
1.8033e+01	1.0334e+00	1.5000e+01
1.8078e+01	1.0209e+00	1.5000e+01
1.8078e+01	1.0209e+00	1.5000e+01
1.8092e+01	1.0172e+00	1.5000e+01
1.8092e+01	1.0172e+00	1.5000e+01
1.8113e+01	1.0114e+00	1.5000e+01
1.8113e+01	1.0114e+00	1.5000e+01
1.8131e+01	1.0066e+00	1.5000e+01
1.8131e+01	1.0066e+00	1.5000e+01
1.8156e+01	1.0000e+00	1.5000e+01
