     X	             Y	             Z
1.0000e+00	1.5792e+01	2.0000e+01
1.0021e+00	1.5753e+01	2.0000e+01
1.0021e+00	1.5753e+01	2.0000e+01
1.0039e+00	1.5721e+01	2.0000e+01
1.0039e+00	1.5721e+01	2.0000e+01
1.0100e+00	1.5609e+01	2.0000e+01
1.0100e+00	1.5609e+01	2.0000e+01
1.0172e+00	1.5481e+01	2.0000e+01
1.0172e+00	1.5481e+01	2.0000e+01
1.0179e+00	1.5467e+01	2.0000e+01
1.0179e+00	1.5467e+01	2.0000e+01
1.0186e+00	1.5455e+01	2.0000e+01
1.0186e+00	1.5455e+01	2.0000e+01
1.0259e+00	1.5326e+01	2.0000e+01
1.0259e+00	1.5326e+01	2.0000e+01
1.0269e+00	1.5309e+01	2.0000e+01
1.0269e+00	1.5309e+01	2.0000e+01
1.0335e+00	1.5195e+01	2.0000e+01
1.0335e+00	1.5195e+01	2.0000e+01
1.0340e+00	1.5186e+01	2.0000e+01
1.0340e+00	1.5186e+01	2.0000e+01
1.0346e+00	1.5177e+01	2.0000e+01
1.0346e+00	1.5177e+01	2.0000e+01
1.0421e+00	1.5047e+01	2.0000e+01
1.0421e+00	1.5047e+01	2.0000e+01
1.0487e+00	1.4939e+01	2.0000e+01
1.0487e+00	1.4939e+01	2.0000e+01
1.0504e+00	1.4911e+01	2.0000e+01
1.0504e+00	1.4911e+01	2.0000e+01
1.0523e+00	1.4878e+01	2.0000e+01
1.0523e+00	1.4878e+01	2.0000e+01
1.0586e+00	1.4774e+01	2.0000e+01
1.0586e+00	1.4774e+01	2.0000e+01
1.0641e+00	1.4687e+01	2.0000e+01
1.0641e+00	1.4687e+01	2.0000e+01
1.0670e+00	1.4640e+01	2.0000e+01
1.0670e+00	1.4640e+01	2.0000e+01
1.0704e+00	1.4586e+01	2.0000e+01
1.0704e+00	1.4586e+01	2.0000e+01
1.0754e+00	1.4506e+01	2.0000e+01
1.0754e+00	1.4506e+01	2.0000e+01
1.0797e+00	1.4439e+01	2.0000e+01
1.0797e+00	1.4439e+01	2.0000e+01
1.0839e+00	1.4374e+01	2.0000e+01
1.0839e+00	1.4374e+01	2.0000e+01
1.0887e+00	1.4300e+01	2.0000e+01
1.0887e+00	1.4300e+01	2.0000e+01
1.0924e+00	1.4244e+01	2.0000e+01
1.0924e+00	1.4244e+01	2.0000e+01
1.0957e+00	1.4196e+01	2.0000e+01
1.0957e+00	1.4196e+01	2.0000e+01
1.1011e+00	1.4114e+01	2.0000e+01
1.1011e+00	1.4114e+01	2.0000e+01
1.1074e+00	1.4021e+01	2.0000e+01
1.1074e+00	1.4021e+01	2.0000e+01
1.1098e+00	1.3986e+01	2.0000e+01
1.1098e+00	1.3986e+01	2.0000e+01
1.1118e+00	1.3956e+01	2.0000e+01
1.1118e+00	1.3956e+01	2.0000e+01
1.1185e+00	1.3859e+01	2.0000e+01
1.1185e+00	1.3859e+01	2.0000e+01
1.1264e+00	1.3747e+01	2.0000e+01
1.1264e+00	1.3747e+01	2.0000e+01
1.1274e+00	1.3733e+01	2.0000e+01
1.1274e+00	1.3733e+01	2.0000e+01
1.1283e+00	1.3721e+01	2.0000e+01
1.1283e+00	1.3721e+01	2.0000e+01
1.1363e+00	1.3608e+01	2.0000e+01
1.1363e+00	1.3608e+01	2.0000e+01
1.1404e+00	1.3553e+01	2.0000e+01
1.1404e+00	1.3553e+01	2.0000e+01
1.1451e+00	1.3490e+01	2.0000e+01
1.1451e+00	1.3490e+01	2.0000e+01
1.1454e+00	1.3485e+01	2.0000e+01
1.1454e+00	1.3485e+01	2.0000e+01
1.1457e+00	1.3480e+01	2.0000e+01
1.1457e+00	1.3480e+01	2.0000e+01
1.1544e+00	1.3363e+01	2.0000e+01
1.1544e+00	1.3363e+01	2.0000e+01
1.1621e+00	1.3262e+01	2.0000e+01
1.1621e+00	1.3262e+01	2.0000e+01
1.1636e+00	1.3242e+01	2.0000e+01
1.1636e+00	1.3242e+01	2.0000e+01
1.1654e+00	1.3219e+01	2.0000e+01
1.1654e+00	1.3219e+01	2.0000e+01
1.1728e+00	1.3122e+01	2.0000e+01
1.1728e+00	1.3122e+01	2.0000e+01
1.1794e+00	1.3038e+01	2.0000e+01
1.1794e+00	1.3038e+01	2.0000e+01
1.1822e+00	1.3003e+01	2.0000e+01
1.1822e+00	1.3003e+01	2.0000e+01
1.1854e+00	1.2963e+01	2.0000e+01
1.1854e+00	1.2963e+01	2.0000e+01
1.1916e+00	1.2886e+01	2.0000e+01
1.1916e+00	1.2886e+01	2.0000e+01
1.1971e+00	1.2819e+01	2.0000e+01
1.1971e+00	1.2819e+01	2.0000e+01
1.2011e+00	1.2769e+01	2.0000e+01
1.2011e+00	1.2769e+01	2.0000e+01
1.2057e+00	1.2714e+01	2.0000e+01
1.2057e+00	1.2714e+01	2.0000e+01
1.2107e+00	1.2654e+01	2.0000e+01
1.2107e+00	1.2654e+01	2.0000e+01
1.2151e+00	1.2602e+01	2.0000e+01
1.2151e+00	1.2602e+01	2.0000e+01
1.2203e+00	1.2540e+01	2.0000e+01
1.2203e+00	1.2540e+01	2.0000e+01
1.2264e+00	1.2470e+01	2.0000e+01
1.2264e+00	1.2470e+01	2.0000e+01
1.2301e+00	1.2427e+01	2.0000e+01
1.2301e+00	1.2427e+01	2.0000e+01
1.2334e+00	1.2390e+01	2.0000e+01
1.2334e+00	1.2390e+01	2.0000e+01
1.2399e+00	1.2315e+01	2.0000e+01
1.2399e+00	1.2315e+01	2.0000e+01
1.2474e+00	1.2232e+01	2.0000e+01
1.2474e+00	1.2232e+01	2.0000e+01
1.2499e+00	1.2205e+01	2.0000e+01
1.2499e+00	1.2205e+01	2.0000e+01
1.2521e+00	1.2181e+01	2.0000e+01
1.2521e+00	1.2181e+01	2.0000e+01
1.2599e+00	1.2095e+01	2.0000e+01
1.2599e+00	1.2095e+01	2.0000e+01
1.2688e+00	1.2000e+01	2.0000e+01
1.2688e+00	1.2000e+01	2.0000e+01
1.2700e+00	1.1987e+01	2.0000e+01
1.2700e+00	1.1987e+01	2.0000e+01
1.2711e+00	1.1976e+01	2.0000e+01
1.2711e+00	1.1976e+01	2.0000e+01
1.2802e+00	1.1880e+01	2.0000e+01
1.2802e+00	1.1880e+01	2.0000e+01
1.2906e+00	1.1774e+01	2.0000e+01
1.2906e+00	1.1774e+01	2.0000e+01
1.2906e+00	1.1774e+01	2.0000e+01
1.2906e+00	1.1774e+01	2.0000e+01
1.2906e+00	1.1774e+01	2.0000e+01
1.2906e+00	1.1774e+01	2.0000e+01
1.2907e+00	1.1773e+01	2.0000e+01
1.2907e+00	1.1773e+01	2.0000e+01
1.3010e+00	1.1668e+01	2.0000e+01
1.3010e+00	1.1668e+01	2.0000e+01
1.3104e+00	1.1575e+01	2.0000e+01
1.3104e+00	1.1575e+01	2.0000e+01
1.3115e+00	1.1564e+01	2.0000e+01
1.3115e+00	1.1564e+01	2.0000e+01
1.3127e+00	1.1553e+01	2.0000e+01
1.3127e+00	1.1553e+01	2.0000e+01
1.3221e+00	1.1461e+01	2.0000e+01
1.3221e+00	1.1461e+01	2.0000e+01
1.3307e+00	1.1380e+01	2.0000e+01
1.3307e+00	1.1380e+01	2.0000e+01
1.3328e+00	1.1360e+01	2.0000e+01
1.3328e+00	1.1360e+01	2.0000e+01
1.3352e+00	1.1337e+01	2.0000e+01
1.3352e+00	1.1337e+01	2.0000e+01
1.3436e+00	1.1259e+01	2.0000e+01
1.3436e+00	1.1259e+01	2.0000e+01
1.3514e+00	1.1188e+01	2.0000e+01
1.3514e+00	1.1188e+01	2.0000e+01
1.3546e+00	1.1159e+01	2.0000e+01
1.3546e+00	1.1159e+01	2.0000e+01
1.3581e+00	1.1127e+01	2.0000e+01
1.3581e+00	1.1127e+01	2.0000e+01
1.3656e+00	1.1060e+01	2.0000e+01
1.3656e+00	1.1060e+01	2.0000e+01
1.3726e+00	1.0999e+01	2.0000e+01
1.3726e+00	1.0999e+01	2.0000e+01
1.3768e+00	1.0963e+01	2.0000e+01
1.3768e+00	1.0963e+01	2.0000e+01
1.3814e+00	1.0923e+01	2.0000e+01
1.3814e+00	1.0923e+01	2.0000e+01
1.3881e+00	1.0866e+01	2.0000e+01
1.3881e+00	1.0866e+01	2.0000e+01
1.3943e+00	1.0814e+01	2.0000e+01
1.3943e+00	1.0814e+01	2.0000e+01
1.3994e+00	1.0770e+01	2.0000e+01
1.3994e+00	1.0770e+01	2.0000e+01
1.4051e+00	1.0724e+01	2.0000e+01
1.4051e+00	1.0724e+01	2.0000e+01
1.4109e+00	1.0676e+01	2.0000e+01
1.4109e+00	1.0676e+01	2.0000e+01
1.4165e+00	1.0632e+01	2.0000e+01
1.4165e+00	1.0632e+01	2.0000e+01
1.4226e+00	1.0582e+01	2.0000e+01
1.4226e+00	1.0582e+01	2.0000e+01
1.4292e+00	1.0530e+01	2.0000e+01
1.4292e+00	1.0530e+01	2.0000e+01
1.4343e+00	1.0490e+01	2.0000e+01
1.4343e+00	1.0490e+01	2.0000e+01
1.4392e+00	1.0452e+01	2.0000e+01
1.4392e+00	1.0452e+01	2.0000e+01
1.4462e+00	1.0398e+01	2.0000e+01
1.4462e+00	1.0398e+01	2.0000e+01
1.4537e+00	1.0341e+01	2.0000e+01
1.4537e+00	1.0341e+01	2.0000e+01
1.4582e+00	1.0308e+01	2.0000e+01
1.4582e+00	1.0308e+01	2.0000e+01
1.4625e+00	1.0276e+01	2.0000e+01
1.4625e+00	1.0276e+01	2.0000e+01
1.4703e+00	1.0218e+01	2.0000e+01
1.4703e+00	1.0218e+01	2.0000e+01
1.4787e+00	1.0158e+01	2.0000e+01
1.4787e+00	1.0158e+01	2.0000e+01
1.4826e+00	1.0130e+01	2.0000e+01
1.4826e+00	1.0130e+01	2.0000e+01
1.4865e+00	1.0103e+01	2.0000e+01
1.4865e+00	1.0103e+01	2.0000e+01
1.4950e+00	1.0042e+01	2.0000e+01
1.4950e+00	1.0042e+01	2.0000e+01
1.5040e+00	9.9804e+00	2.0000e+01
1.5040e+00	9.9804e+00	2.0000e+01
1.5076e+00	9.9560e+00	2.0000e+01
1.5076e+00	9.9560e+00	2.0000e+01
1.5111e+00	9.9325e+00	2.0000e+01
1.5111e+00	9.9325e+00	2.0000e+01
1.5203e+00	9.8704e+00	2.0000e+01
1.5203e+00	9.8704e+00	2.0000e+01
1.5298e+00	9.8076e+00	2.0000e+01
1.5298e+00	9.8076e+00	2.0000e+01
1.5331e+00	9.7860e+00	2.0000e+01
1.5331e+00	9.7860e+00	2.0000e+01
1.5364e+00	9.7650e+00	2.0000e+01
1.5364e+00	9.7650e+00	2.0000e+01
1.5461e+00	9.7024e+00	2.0000e+01
1.5461e+00	9.7024e+00	2.0000e+01
1.5561e+00	9.6398e+00	2.0000e+01
1.5561e+00	9.6398e+00	2.0000e+01
1.5592e+00	9.6200e+00	2.0000e+01
1.5592e+00	9.6200e+00	2.0000e+01
1.5625e+00	9.6003e+00	2.0000e+01
1.5625e+00	9.6003e+00	2.0000e+01
1.5725e+00	9.5383e+00	2.0000e+01
1.5725e+00	9.5383e+00	2.0000e+01
1.5827e+00	9.4772e+00	2.0000e+01
1.5827e+00	9.4772e+00	2.0000e+01
1.5860e+00	9.4578e+00	2.0000e+01
1.5860e+00	9.4578e+00	2.0000e+01
1.5893e+00	9.4384e+00	2.0000e+01
1.5893e+00	9.4384e+00	2.0000e+01
1.5996e+00	9.3781e+00	2.0000e+01
1.5996e+00	9.3781e+00	2.0000e+01
1.6099e+00	9.3195e+00	2.0000e+01
1.6099e+00	9.3195e+00	2.0000e+01
1.6134e+00	9.2996e+00	2.0000e+01
1.6134e+00	9.2996e+00	2.0000e+01
1.6171e+00	9.2793e+00	2.0000e+01
1.6171e+00	9.2793e+00	2.0000e+01
1.6274e+00	9.2218e+00	2.0000e+01
1.6274e+00	9.2218e+00	2.0000e+01
1.6375e+00	9.1668e+00	2.0000e+01
1.6375e+00	9.1668e+00	2.0000e+01
1.6415e+00	9.1452e+00	2.0000e+01
1.6415e+00	9.1452e+00	2.0000e+01
1.6458e+00	9.1228e+00	2.0000e+01
1.6458e+00	9.1228e+00	2.0000e+01
1.6558e+00	9.0694e+00	2.0000e+01
1.6558e+00	9.0694e+00	2.0000e+01
1.6656e+00	9.0190e+00	2.0000e+01
1.6656e+00	9.0190e+00	2.0000e+01
1.6704e+00	8.9946e+00	2.0000e+01
1.6704e+00	8.9946e+00	2.0000e+01
1.6755e+00	8.9690e+00	2.0000e+01
1.6755e+00	8.9690e+00	2.0000e+01
1.6850e+00	8.9207e+00	2.0000e+01
1.6850e+00	8.9207e+00	2.0000e+01
1.6942e+00	8.8761e+00	2.0000e+01
1.6942e+00	8.8761e+00	2.0000e+01
1.7000e+00	8.8479e+00	2.0000e+01
1.7000e+00	8.8479e+00	2.0000e+01
1.7063e+00	8.8177e+00	2.0000e+01
1.7063e+00	8.8177e+00	2.0000e+01
1.7151e+00	8.7760e+00	2.0000e+01
1.7151e+00	8.7760e+00	2.0000e+01
1.7232e+00	8.7380e+00	2.0000e+01
1.7232e+00	8.7380e+00	2.0000e+01
1.7304e+00	8.7050e+00	2.0000e+01
1.7304e+00	8.7050e+00	2.0000e+01
1.7384e+00	8.6691e+00	2.0000e+01
1.7384e+00	8.6691e+00	2.0000e+01
1.7459e+00	8.6350e+00	2.0000e+01
1.7459e+00	8.6350e+00	2.0000e+01
1.7528e+00	8.6047e+00	2.0000e+01
1.7528e+00	8.6047e+00	2.0000e+01
1.7616e+00	8.5660e+00	2.0000e+01
1.7616e+00	8.5660e+00	2.0000e+01
1.7718e+00	8.5229e+00	2.0000e+01
1.7718e+00	8.5229e+00	2.0000e+01
1.7776e+00	8.4979e+00	2.0000e+01
1.7776e+00	8.4979e+00	2.0000e+01
1.7828e+00	8.4761e+00	2.0000e+01
1.7828e+00	8.4761e+00	2.0000e+01
1.7938e+00	8.4308e+00	2.0000e+01
1.7938e+00	8.4308e+00	2.0000e+01
1.8067e+00	8.3792e+00	2.0000e+01
1.8067e+00	8.3792e+00	2.0000e+01
1.8103e+00	8.3647e+00	2.0000e+01
1.8103e+00	8.3647e+00	2.0000e+01
1.8134e+00	8.3523e+00	2.0000e+01
1.8134e+00	8.3523e+00	2.0000e+01
1.8270e+00	8.2994e+00	2.0000e+01
1.8270e+00	8.2994e+00	2.0000e+01
1.8432e+00	8.2379e+00	2.0000e+01
1.8432e+00	8.2379e+00	2.0000e+01
1.8439e+00	8.2353e+00	2.0000e+01
1.8439e+00	8.2353e+00	2.0000e+01
1.8445e+00	8.2331e+00	2.0000e+01
1.8445e+00	8.2331e+00	2.0000e+01
1.8509e+00	8.2094e+00	2.0000e+01
1.8509e+00	8.2094e+00	2.0000e+01
1.8611e+00	8.1719e+00	2.0000e+01
1.8611e+00	8.1719e+00	2.0000e+01
1.8761e+00	8.1182e+00	2.0000e+01
1.8761e+00	8.1182e+00	2.0000e+01
1.8786e+00	8.1096e+00	2.0000e+01
1.8786e+00	8.1096e+00	2.0000e+01
1.8817e+00	8.0990e+00	2.0000e+01
1.8817e+00	8.0990e+00	2.0000e+01
1.8963e+00	8.0481e+00	2.0000e+01
1.8963e+00	8.0481e+00	2.0000e+01
1.9083e+00	8.0079e+00	2.0000e+01
1.9083e+00	8.0079e+00	2.0000e+01
1.9144e+00	7.9878e+00	2.0000e+01
1.9144e+00	7.9878e+00	2.0000e+01
1.9223e+00	7.9624e+00	2.0000e+01
1.9223e+00	7.9624e+00	2.0000e+01
1.9327e+00	7.9283e+00	2.0000e+01
1.9327e+00	7.9283e+00	2.0000e+01
1.9411e+00	7.9020e+00	2.0000e+01
1.9411e+00	7.9020e+00	2.0000e+01
1.9514e+00	7.8699e+00	2.0000e+01
1.9514e+00	7.8699e+00	2.0000e+01
1.9652e+00	7.8281e+00	2.0000e+01
1.9652e+00	7.8281e+00	2.0000e+01
1.9704e+00	7.8124e+00	2.0000e+01
1.9704e+00	7.8124e+00	2.0000e+01
1.9744e+00	7.8007e+00	2.0000e+01
1.9744e+00	7.8007e+00	2.0000e+01
1.9897e+00	7.7559e+00	2.0000e+01
1.9897e+00	7.7559e+00	2.0000e+01
2.0009e+00	7.7242e+00	2.0000e+01
2.0009e+00	7.7242e+00	2.0000e+01
2.0082e+00	7.7037e+00	2.0000e+01
2.0082e+00	7.7037e+00	2.0000e+01
2.0094e+00	7.7005e+00	2.0000e+01
2.0094e+00	7.7005e+00	2.0000e+01
2.0110e+00	7.6961e+00	2.0000e+01
2.0110e+00	7.6961e+00	2.0000e+01
2.0293e+00	7.6459e+00	2.0000e+01
2.0293e+00	7.6459e+00	2.0000e+01
2.0427e+00	7.6106e+00	2.0000e+01
2.0427e+00	7.6106e+00	2.0000e+01
2.0497e+00	7.5924e+00	2.0000e+01
2.0497e+00	7.5924e+00	2.0000e+01
2.0600e+00	7.5664e+00	2.0000e+01
2.0600e+00	7.5664e+00	2.0000e+01
2.0704e+00	7.5399e+00	2.0000e+01
2.0704e+00	7.5399e+00	2.0000e+01
2.0777e+00	7.5219e+00	2.0000e+01
2.0777e+00	7.5219e+00	2.0000e+01
2.0915e+00	7.4884e+00	2.0000e+01
2.0915e+00	7.4884e+00	2.0000e+01
2.1128e+00	7.4388e+00	2.0000e+01
2.1128e+00	7.4388e+00	2.0000e+01
2.1131e+00	7.4380e+00	2.0000e+01
2.1131e+00	7.4380e+00	2.0000e+01
2.1133e+00	7.4375e+00	2.0000e+01
2.1133e+00	7.4375e+00	2.0000e+01
2.1143e+00	7.4353e+00	2.0000e+01
2.1143e+00	7.4353e+00	2.0000e+01
2.1350e+00	7.3885e+00	2.0000e+01
2.1350e+00	7.3885e+00	2.0000e+01
2.1496e+00	7.3567e+00	2.0000e+01
2.1496e+00	7.3567e+00	2.0000e+01
2.1574e+00	7.3400e+00	2.0000e+01
2.1574e+00	7.3400e+00	2.0000e+01
2.1703e+00	7.3133e+00	2.0000e+01
2.1703e+00	7.3133e+00	2.0000e+01
2.1803e+00	7.2926e+00	2.0000e+01
2.1803e+00	7.2926e+00	2.0000e+01
2.1864e+00	7.2801e+00	2.0000e+01
2.1864e+00	7.2801e+00	2.0000e+01
2.2036e+00	7.2463e+00	2.0000e+01
2.2036e+00	7.2463e+00	2.0000e+01
2.2110e+00	7.2321e+00	2.0000e+01
2.2110e+00	7.2321e+00	2.0000e+01
2.2239e+00	7.2074e+00	2.0000e+01
2.2239e+00	7.2074e+00	2.0000e+01
2.2274e+00	7.2010e+00	2.0000e+01
2.2274e+00	7.2010e+00	2.0000e+01
2.2334e+00	7.1900e+00	2.0000e+01
2.2334e+00	7.1900e+00	2.0000e+01
2.2516e+00	7.1568e+00	2.0000e+01
2.2516e+00	7.1568e+00	2.0000e+01
2.2621e+00	7.1382e+00	2.0000e+01
2.2621e+00	7.1382e+00	2.0000e+01
2.2764e+00	7.1136e+00	2.0000e+01
2.2764e+00	7.1136e+00	2.0000e+01
2.2979e+00	7.0781e+00	2.0000e+01
2.2979e+00	7.0781e+00	2.0000e+01
2.3009e+00	7.0731e+00	2.0000e+01
2.3009e+00	7.0731e+00	2.0000e+01
2.3018e+00	7.0716e+00	2.0000e+01
2.3018e+00	7.0716e+00	2.0000e+01
2.3036e+00	7.0688e+00	2.0000e+01
2.3036e+00	7.0688e+00	2.0000e+01
2.3277e+00	7.0305e+00	2.0000e+01
2.3277e+00	7.0305e+00	2.0000e+01
2.3403e+00	7.0110e+00	2.0000e+01
2.3403e+00	7.0110e+00	2.0000e+01
2.3541e+00	6.9906e+00	2.0000e+01
2.3541e+00	6.9906e+00	2.0000e+01
2.3783e+00	6.9561e+00	2.0000e+01
2.3783e+00	6.9561e+00	2.0000e+01
2.3805e+00	6.9529e+00	2.0000e+01
2.3805e+00	6.9529e+00	2.0000e+01
2.3813e+00	6.9518e+00	2.0000e+01
2.3813e+00	6.9518e+00	2.0000e+01
2.3829e+00	6.9496e+00	2.0000e+01
2.3829e+00	6.9496e+00	2.0000e+01
2.4089e+00	6.9140e+00	2.0000e+01
2.4089e+00	6.9140e+00	2.0000e+01
2.4213e+00	6.8977e+00	2.0000e+01
2.4213e+00	6.8977e+00	2.0000e+01
2.4373e+00	6.8774e+00	2.0000e+01
2.4373e+00	6.8774e+00	2.0000e+01
2.4541e+00	6.8568e+00	2.0000e+01
2.4541e+00	6.8568e+00	2.0000e+01
2.4628e+00	6.8460e+00	2.0000e+01
2.4628e+00	6.8460e+00	2.0000e+01
2.4663e+00	6.8419e+00	2.0000e+01
2.4663e+00	6.8419e+00	2.0000e+01
2.4745e+00	6.8324e+00	2.0000e+01
2.4745e+00	6.8324e+00	2.0000e+01
2.4959e+00	6.8074e+00	2.0000e+01
2.4959e+00	6.8074e+00	2.0000e+01
2.5051e+00	6.7972e+00	2.0000e+01
2.5051e+00	6.7972e+00	2.0000e+01
2.5263e+00	6.7742e+00	2.0000e+01
2.5263e+00	6.7742e+00	2.0000e+01
2.5268e+00	6.7738e+00	2.0000e+01
2.5268e+00	6.7738e+00	2.0000e+01
2.5481e+00	6.7514e+00	2.0000e+01
2.5481e+00	6.7514e+00	2.0000e+01
2.5574e+00	6.7419e+00	2.0000e+01
2.5574e+00	6.7419e+00	2.0000e+01
2.5829e+00	6.7172e+00	2.0000e+01
2.5829e+00	6.7172e+00	2.0000e+01
2.5893e+00	6.7109e+00	2.0000e+01
2.5893e+00	6.7109e+00	2.0000e+01
2.5918e+00	6.7086e+00	2.0000e+01
2.5918e+00	6.7086e+00	2.0000e+01
2.5969e+00	6.7039e+00	2.0000e+01
2.5969e+00	6.7039e+00	2.0000e+01
2.6219e+00	6.6808e+00	2.0000e+01
2.6219e+00	6.6808e+00	2.0000e+01
2.6362e+00	6.6682e+00	2.0000e+01
2.6362e+00	6.6682e+00	2.0000e+01
2.6553e+00	6.6519e+00	2.0000e+01
2.6553e+00	6.6519e+00	2.0000e+01
2.6654e+00	6.6437e+00	2.0000e+01
2.6654e+00	6.6437e+00	2.0000e+01
2.6814e+00	6.6304e+00	2.0000e+01
2.6814e+00	6.6304e+00	2.0000e+01
2.6896e+00	6.6240e+00	2.0000e+01
2.6896e+00	6.6240e+00	2.0000e+01
2.7159e+00	6.6039e+00	2.0000e+01
2.7159e+00	6.6039e+00	2.0000e+01
2.7246e+00	6.5972e+00	2.0000e+01
2.7246e+00	6.5972e+00	2.0000e+01
2.7274e+00	6.5951e+00	2.0000e+01
2.7274e+00	6.5951e+00	2.0000e+01
2.7326e+00	6.5914e+00	2.0000e+01
2.7326e+00	6.5914e+00	2.0000e+01
2.7604e+00	6.5712e+00	2.0000e+01
2.7604e+00	6.5712e+00	2.0000e+01
2.7742e+00	6.5617e+00	2.0000e+01
2.7742e+00	6.5617e+00	2.0000e+01
2.7972e+00	6.5464e+00	2.0000e+01
2.7972e+00	6.5464e+00	2.0000e+01
2.7991e+00	6.5451e+00	2.0000e+01
2.7991e+00	6.5451e+00	2.0000e+01
2.8218e+00	6.5304e+00	2.0000e+01
2.8218e+00	6.5304e+00	2.0000e+01
2.8347e+00	6.5223e+00	2.0000e+01
2.8347e+00	6.5223e+00	2.0000e+01
2.8650e+00	6.5042e+00	2.0000e+01
2.8650e+00	6.5042e+00	2.0000e+01
2.8702e+00	6.5011e+00	2.0000e+01
2.8702e+00	6.5011e+00	2.0000e+01
2.8732e+00	6.4993e+00	2.0000e+01
2.8732e+00	6.4993e+00	2.0000e+01
2.8851e+00	6.4926e+00	2.0000e+01
2.8851e+00	6.4926e+00	2.0000e+01
2.9124e+00	6.4770e+00	2.0000e+01
2.9124e+00	6.4770e+00	2.0000e+01
2.9194e+00	6.4732e+00	2.0000e+01
2.9194e+00	6.4732e+00	2.0000e+01
2.9309e+00	6.4670e+00	2.0000e+01
2.9309e+00	6.4670e+00	2.0000e+01
2.9524e+00	6.4554e+00	2.0000e+01
2.9524e+00	6.4554e+00	2.0000e+01
2.9695e+00	6.4466e+00	2.0000e+01
2.9695e+00	6.4466e+00	2.0000e+01
2.9934e+00	6.4345e+00	2.0000e+01
2.9934e+00	6.4345e+00	2.0000e+01
2.9971e+00	6.4327e+00	2.0000e+01
2.9971e+00	6.4327e+00	2.0000e+01
3.0204e+00	6.4213e+00	2.0000e+01
3.0204e+00	6.4213e+00	2.0000e+01
3.0351e+00	6.4142e+00	2.0000e+01
3.0351e+00	6.4142e+00	2.0000e+01
3.0636e+00	6.4011e+00	2.0000e+01
3.0636e+00	6.4011e+00	2.0000e+01
3.0722e+00	6.3970e+00	2.0000e+01
3.0722e+00	6.3970e+00	2.0000e+01
3.0777e+00	6.3945e+00	2.0000e+01
3.0777e+00	6.3945e+00	2.0000e+01
3.1032e+00	6.3831e+00	2.0000e+01
3.1032e+00	6.3831e+00	2.0000e+01
3.1210e+00	6.3751e+00	2.0000e+01
3.1210e+00	6.3751e+00	2.0000e+01
3.1249e+00	6.3734e+00	2.0000e+01
3.1249e+00	6.3734e+00	2.0000e+01
3.1309e+00	6.3708e+00	2.0000e+01
3.1309e+00	6.3708e+00	2.0000e+01
3.1649e+00	6.3558e+00	2.0000e+01
3.1649e+00	6.3558e+00	2.0000e+01
3.1785e+00	6.3501e+00	2.0000e+01
3.1785e+00	6.3501e+00	2.0000e+01
3.1995e+00	6.3412e+00	2.0000e+01
3.1995e+00	6.3412e+00	2.0000e+01
3.2096e+00	6.3368e+00	2.0000e+01
3.2096e+00	6.3368e+00	2.0000e+01
3.2330e+00	6.3271e+00	2.0000e+01
3.2330e+00	6.3271e+00	2.0000e+01
3.2549e+00	6.3179e+00	2.0000e+01
3.2549e+00	6.3179e+00	2.0000e+01
3.2694e+00	6.3120e+00	2.0000e+01
3.2694e+00	6.3120e+00	2.0000e+01
3.2885e+00	6.3042e+00	2.0000e+01
3.2885e+00	6.3042e+00	2.0000e+01
3.3008e+00	6.2989e+00	2.0000e+01
3.3008e+00	6.2989e+00	2.0000e+01
3.3410e+00	6.2826e+00	2.0000e+01
3.3410e+00	6.2826e+00	2.0000e+01
3.3449e+00	6.2810e+00	2.0000e+01
3.3449e+00	6.2810e+00	2.0000e+01
3.3473e+00	6.2800e+00	2.0000e+01
3.3473e+00	6.2800e+00	2.0000e+01
3.3581e+00	6.2755e+00	2.0000e+01
3.3581e+00	6.2755e+00	2.0000e+01
3.3940e+00	6.2603e+00	2.0000e+01
3.3940e+00	6.2603e+00	2.0000e+01
3.4022e+00	6.2571e+00	2.0000e+01
3.4022e+00	6.2571e+00	2.0000e+01
3.4152e+00	6.2515e+00	2.0000e+01
3.4152e+00	6.2515e+00	2.0000e+01
3.4412e+00	6.2403e+00	2.0000e+01
3.4412e+00	6.2403e+00	2.0000e+01
3.4606e+00	6.2323e+00	2.0000e+01
3.4606e+00	6.2323e+00	2.0000e+01
3.4887e+00	6.2198e+00	2.0000e+01
3.4887e+00	6.2198e+00	2.0000e+01
3.4924e+00	6.2183e+00	2.0000e+01
3.4924e+00	6.2183e+00	2.0000e+01
3.5199e+00	6.2064e+00	2.0000e+01
3.5199e+00	6.2064e+00	2.0000e+01
3.5365e+00	6.1987e+00	2.0000e+01
3.5365e+00	6.1987e+00	2.0000e+01
3.5728e+00	6.1826e+00	2.0000e+01
3.5728e+00	6.1826e+00	2.0000e+01
3.5803e+00	6.1792e+00	2.0000e+01
3.5803e+00	6.1792e+00	2.0000e+01
3.5846e+00	6.1771e+00	2.0000e+01
3.5846e+00	6.1771e+00	2.0000e+01
3.6005e+00	6.1696e+00	2.0000e+01
3.6005e+00	6.1696e+00	2.0000e+01
3.6327e+00	6.1543e+00	2.0000e+01
3.6327e+00	6.1543e+00	2.0000e+01
3.6417e+00	6.1502e+00	2.0000e+01
3.6417e+00	6.1502e+00	2.0000e+01
3.6581e+00	6.1419e+00	2.0000e+01
3.6581e+00	6.1419e+00	2.0000e+01
3.6807e+00	6.1305e+00	2.0000e+01
3.6807e+00	6.1305e+00	2.0000e+01
3.7042e+00	6.1191e+00	2.0000e+01
3.7042e+00	6.1191e+00	2.0000e+01
3.7288e+00	6.1059e+00	2.0000e+01
3.7288e+00	6.1059e+00	2.0000e+01
3.7493e+00	6.0953e+00	2.0000e+01
3.7493e+00	6.0953e+00	2.0000e+01
3.7677e+00	6.0858e+00	2.0000e+01
3.7677e+00	6.0858e+00	2.0000e+01
3.7769e+00	6.0805e+00	2.0000e+01
3.7769e+00	6.0805e+00	2.0000e+01
3.8038e+00	6.0656e+00	2.0000e+01
3.8038e+00	6.0656e+00	2.0000e+01
3.8249e+00	6.0539e+00	2.0000e+01
3.8249e+00	6.0539e+00	2.0000e+01
3.8323e+00	6.0499e+00	2.0000e+01
3.8323e+00	6.0499e+00	2.0000e+01
3.8484e+00	6.0402e+00	2.0000e+01
3.8484e+00	6.0402e+00	2.0000e+01
3.8724e+00	6.0258e+00	2.0000e+01
3.8724e+00	6.0258e+00	2.0000e+01
3.8981e+00	6.0109e+00	2.0000e+01
3.8981e+00	6.0109e+00	2.0000e+01
3.9200e+00	5.9968e+00	2.0000e+01
3.9200e+00	5.9968e+00	2.0000e+01
3.9584e+00	5.9731e+00	2.0000e+01
3.9584e+00	5.9731e+00	2.0000e+01
3.9649e+00	5.9691e+00	2.0000e+01
3.9649e+00	5.9691e+00	2.0000e+01
3.9675e+00	5.9673e+00	2.0000e+01
3.9675e+00	5.9673e+00	2.0000e+01
3.9734e+00	5.9633e+00	2.0000e+01
3.9734e+00	5.9633e+00	2.0000e+01
4.0142e+00	5.9356e+00	2.0000e+01
4.0142e+00	5.9356e+00	2.0000e+01
4.0329e+00	5.9234e+00	2.0000e+01
4.0329e+00	5.9234e+00	2.0000e+01
4.0608e+00	5.9032e+00	2.0000e+01
4.0608e+00	5.9032e+00	2.0000e+01
4.0864e+00	5.8853e+00	2.0000e+01
4.0864e+00	5.8853e+00	2.0000e+01
4.1021e+00	5.8743e+00	2.0000e+01
4.1021e+00	5.8743e+00	2.0000e+01
4.1073e+00	5.8703e+00	2.0000e+01
4.1073e+00	5.8703e+00	2.0000e+01
4.1172e+00	5.8628e+00	2.0000e+01
4.1172e+00	5.8628e+00	2.0000e+01
4.1530e+00	5.8354e+00	2.0000e+01
4.1530e+00	5.8354e+00	2.0000e+01
4.1724e+00	5.8210e+00	2.0000e+01
4.1724e+00	5.8210e+00	2.0000e+01
4.1984e+00	5.7998e+00	2.0000e+01
4.1984e+00	5.7998e+00	2.0000e+01
4.2438e+00	5.7639e+00	2.0000e+01
4.2438e+00	5.7639e+00	2.0000e+01
4.2439e+00	5.7638e+00	2.0000e+01
4.2439e+00	5.7638e+00	2.0000e+01
4.2440e+00	5.7638e+00	2.0000e+01
4.2440e+00	5.7638e+00	2.0000e+01
4.2443e+00	5.7635e+00	2.0000e+01
4.2443e+00	5.7635e+00	2.0000e+01
4.2881e+00	5.7256e+00	2.0000e+01
4.2881e+00	5.7256e+00	2.0000e+01
4.3168e+00	5.7017e+00	2.0000e+01
4.3168e+00	5.7017e+00	2.0000e+01
4.3325e+00	5.6873e+00	2.0000e+01
4.3325e+00	5.6873e+00	2.0000e+01
4.3554e+00	5.6667e+00	2.0000e+01
4.3554e+00	5.6667e+00	2.0000e+01
4.3763e+00	5.6479e+00	2.0000e+01
4.3763e+00	5.6479e+00	2.0000e+01
4.3908e+00	5.6351e+00	2.0000e+01
4.3908e+00	5.6351e+00	2.0000e+01
4.4195e+00	5.6075e+00	2.0000e+01
4.4195e+00	5.6075e+00	2.0000e+01
4.4583e+00	5.5712e+00	2.0000e+01
4.4583e+00	5.5712e+00	2.0000e+01
4.4628e+00	5.5670e+00	2.0000e+01
4.4628e+00	5.5670e+00	2.0000e+01
4.4662e+00	5.5638e+00	2.0000e+01
4.4662e+00	5.5638e+00	2.0000e+01
4.4990e+00	5.5305e+00	2.0000e+01
4.4990e+00	5.5305e+00	2.0000e+01
4.5048e+00	5.5246e+00	2.0000e+01
4.5048e+00	5.5246e+00	2.0000e+01
4.5428e+00	5.4874e+00	2.0000e+01
4.5428e+00	5.4874e+00	2.0000e+01
4.5472e+00	5.4826e+00	2.0000e+01
4.5472e+00	5.4826e+00	2.0000e+01
4.5523e+00	5.4772e+00	2.0000e+01
4.5523e+00	5.4772e+00	2.0000e+01
4.5884e+00	5.4390e+00	2.0000e+01
4.5884e+00	5.4390e+00	2.0000e+01
4.6207e+00	5.4058e+00	2.0000e+01
4.6207e+00	5.4058e+00	2.0000e+01
4.6298e+00	5.3955e+00	2.0000e+01
4.6298e+00	5.3955e+00	2.0000e+01
4.6395e+00	5.3849e+00	2.0000e+01
4.6395e+00	5.3849e+00	2.0000e+01
4.6702e+00	5.3509e+00	2.0000e+01
4.6702e+00	5.3509e+00	2.0000e+01
4.6999e+00	5.3190e+00	2.0000e+01
4.6999e+00	5.3190e+00	2.0000e+01
4.7108e+00	5.3063e+00	2.0000e+01
4.7108e+00	5.3063e+00	2.0000e+01
4.7215e+00	5.2941e+00	2.0000e+01
4.7215e+00	5.2941e+00	2.0000e+01
4.7504e+00	5.2607e+00	2.0000e+01
4.7504e+00	5.2607e+00	2.0000e+01
4.7805e+00	5.2270e+00	2.0000e+01
4.7805e+00	5.2270e+00	2.0000e+01
4.7902e+00	5.2153e+00	2.0000e+01
4.7902e+00	5.2153e+00	2.0000e+01
4.7990e+00	5.2048e+00	2.0000e+01
4.7990e+00	5.2048e+00	2.0000e+01
4.8289e+00	5.1688e+00	2.0000e+01
4.8289e+00	5.1688e+00	2.0000e+01
4.8625e+00	5.1297e+00	2.0000e+01
4.8625e+00	5.1297e+00	2.0000e+01
4.8680e+00	5.1228e+00	2.0000e+01
4.8680e+00	5.1228e+00	2.0000e+01
4.8727e+00	5.1170e+00	2.0000e+01
4.8727e+00	5.1170e+00	2.0000e+01
4.9059e+00	5.0756e+00	2.0000e+01
4.9059e+00	5.0756e+00	2.0000e+01
4.9267e+00	5.0504e+00	2.0000e+01
4.9267e+00	5.0504e+00	2.0000e+01
4.9430e+00	5.0307e+00	2.0000e+01
4.9430e+00	5.0307e+00	2.0000e+01
4.9443e+00	5.0291e+00	2.0000e+01
4.9443e+00	5.0291e+00	2.0000e+01
4.9459e+00	5.0272e+00	2.0000e+01
4.9459e+00	5.0272e+00	2.0000e+01
4.9813e+00	4.9813e+00	2.0000e+01
4.9813e+00	4.9813e+00	2.0000e+01
5.0095e+00	4.9459e+00	2.0000e+01
5.0095e+00	4.9459e+00	2.0000e+01
5.0188e+00	4.9342e+00	2.0000e+01
5.0188e+00	4.9342e+00	2.0000e+01
5.0307e+00	4.9193e+00	2.0000e+01
5.0307e+00	4.9193e+00	2.0000e+01
5.0554e+00	4.8864e+00	2.0000e+01
5.0554e+00	4.8864e+00	2.0000e+01
5.0738e+00	4.8625e+00	2.0000e+01
5.0738e+00	4.8625e+00	2.0000e+01
5.0920e+00	4.8387e+00	2.0000e+01
5.0920e+00	4.8387e+00	2.0000e+01
5.1170e+00	4.8066e+00	2.0000e+01
5.1170e+00	4.8066e+00	2.0000e+01
5.1283e+00	4.7911e+00	2.0000e+01
5.1283e+00	4.7911e+00	2.0000e+01
5.1362e+00	4.7805e+00	2.0000e+01
5.1362e+00	4.7805e+00	2.0000e+01
5.1639e+00	4.7430e+00	2.0000e+01
5.1639e+00	4.7430e+00	2.0000e+01
5.1783e+00	4.7240e+00	2.0000e+01
5.1783e+00	4.7240e+00	2.0000e+01
5.1966e+00	4.6999e+00	2.0000e+01
5.1966e+00	4.6999e+00	2.0000e+01
5.1999e+00	4.6955e+00	2.0000e+01
5.1999e+00	4.6955e+00	2.0000e+01
5.2048e+00	4.6891e+00	2.0000e+01
5.2048e+00	4.6891e+00	2.0000e+01
5.2347e+00	4.6472e+00	2.0000e+01
5.2347e+00	4.6472e+00	2.0000e+01
5.2543e+00	4.6207e+00	2.0000e+01
5.2543e+00	4.6207e+00	2.0000e+01
5.2697e+00	4.5994e+00	2.0000e+01
5.2697e+00	4.5994e+00	2.0000e+01
5.2941e+00	4.5668e+00	2.0000e+01
5.2941e+00	4.5668e+00	2.0000e+01
5.3046e+00	4.5518e+00	2.0000e+01
5.3046e+00	4.5518e+00	2.0000e+01
5.3111e+00	4.5428e+00	2.0000e+01
5.3111e+00	4.5428e+00	2.0000e+01
5.3370e+00	4.5062e+00	2.0000e+01
5.3370e+00	4.5062e+00	2.0000e+01
5.3387e+00	4.5038e+00	2.0000e+01
5.3387e+00	4.5038e+00	2.0000e+01
5.3661e+00	4.4662e+00	2.0000e+01
5.3661e+00	4.4662e+00	2.0000e+01
5.3731e+00	4.4564e+00	2.0000e+01
5.3731e+00	4.4564e+00	2.0000e+01
5.3849e+00	4.4403e+00	2.0000e+01
5.3849e+00	4.4403e+00	2.0000e+01
5.4068e+00	4.4087e+00	2.0000e+01
5.4068e+00	4.4087e+00	2.0000e+01
5.4195e+00	4.3908e+00	2.0000e+01
5.4195e+00	4.3908e+00	2.0000e+01
5.4403e+00	4.3612e+00	2.0000e+01
5.4403e+00	4.3612e+00	2.0000e+01
5.4659e+00	4.3258e+00	2.0000e+01
5.4659e+00	4.3258e+00	2.0000e+01
5.4724e+00	4.3168e+00	2.0000e+01
5.4724e+00	4.3168e+00	2.0000e+01
5.4741e+00	4.3144e+00	2.0000e+01
5.4741e+00	4.3144e+00	2.0000e+01
5.4772e+00	4.3101e+00	2.0000e+01
5.4772e+00	4.3101e+00	2.0000e+01
5.5069e+00	4.2670e+00	2.0000e+01
5.5069e+00	4.2670e+00	2.0000e+01
5.5230e+00	4.2440e+00	2.0000e+01
5.5230e+00	4.2440e+00	2.0000e+01
5.5398e+00	4.2201e+00	2.0000e+01
5.5398e+00	4.2201e+00	2.0000e+01
5.5712e+00	4.1763e+00	2.0000e+01
5.5712e+00	4.1763e+00	2.0000e+01
5.5729e+00	4.1737e+00	2.0000e+01
5.5729e+00	4.1737e+00	2.0000e+01
5.5738e+00	4.1724e+00	2.0000e+01
5.5738e+00	4.1724e+00	2.0000e+01
5.5765e+00	4.1684e+00	2.0000e+01
5.5765e+00	4.1684e+00	2.0000e+01
5.6049e+00	4.1270e+00	2.0000e+01
5.6049e+00	4.1270e+00	2.0000e+01
5.6224e+00	4.1021e+00	2.0000e+01
5.6224e+00	4.1021e+00	2.0000e+01
5.6373e+00	4.0808e+00	2.0000e+01
5.6373e+00	4.0808e+00	2.0000e+01
5.6667e+00	4.0395e+00	2.0000e+01
5.6667e+00	4.0395e+00	2.0000e+01
5.6697e+00	4.0351e+00	2.0000e+01
5.6697e+00	4.0351e+00	2.0000e+01
5.6712e+00	4.0329e+00	2.0000e+01
5.6712e+00	4.0329e+00	2.0000e+01
5.6754e+00	4.0267e+00	2.0000e+01
5.6754e+00	4.0267e+00	2.0000e+01
5.7012e+00	3.9891e+00	2.0000e+01
5.7012e+00	3.9891e+00	2.0000e+01
5.7182e+00	3.9649e+00	2.0000e+01
5.7182e+00	3.9649e+00	2.0000e+01
5.7330e+00	3.9437e+00	2.0000e+01
5.7330e+00	3.9437e+00	2.0000e+01
5.7639e+00	3.9003e+00	2.0000e+01
5.7639e+00	3.9003e+00	2.0000e+01
5.7650e+00	3.8988e+00	2.0000e+01
5.7650e+00	3.8988e+00	2.0000e+01
5.7655e+00	3.8981e+00	2.0000e+01
5.7655e+00	3.8981e+00	2.0000e+01
5.7668e+00	3.8961e+00	2.0000e+01
5.7668e+00	3.8961e+00	2.0000e+01
5.7960e+00	3.8537e+00	2.0000e+01
5.7960e+00	3.8537e+00	2.0000e+01
5.8110e+00	3.8323e+00	2.0000e+01
5.8110e+00	3.8323e+00	2.0000e+01
5.8272e+00	3.8091e+00	2.0000e+01
5.8272e+00	3.8091e+00	2.0000e+01
5.8517e+00	3.7748e+00	2.0000e+01
5.8517e+00	3.7748e+00	2.0000e+01
5.8568e+00	3.7677e+00	2.0000e+01
5.8568e+00	3.7677e+00	2.0000e+01
5.8587e+00	3.7651e+00	2.0000e+01
5.8587e+00	3.7651e+00	2.0000e+01
5.8628e+00	3.7594e+00	2.0000e+01
5.8628e+00	3.7594e+00	2.0000e+01
5.8894e+00	3.7210e+00	2.0000e+01
5.8894e+00	3.7210e+00	2.0000e+01
5.9013e+00	3.7042e+00	2.0000e+01
5.9013e+00	3.7042e+00	2.0000e+01
5.9202e+00	3.6774e+00	2.0000e+01
5.9202e+00	3.6774e+00	2.0000e+01
5.9319e+00	3.6610e+00	2.0000e+01
5.9319e+00	3.6610e+00	2.0000e+01
5.9458e+00	3.6417e+00	2.0000e+01
5.9458e+00	3.6417e+00	2.0000e+01
5.9511e+00	3.6342e+00	2.0000e+01
5.9511e+00	3.6342e+00	2.0000e+01
5.9633e+00	3.6173e+00	2.0000e+01
5.9633e+00	3.6173e+00	2.0000e+01
5.9817e+00	3.5913e+00	2.0000e+01
5.9817e+00	3.5913e+00	2.0000e+01
5.9895e+00	3.5803e+00	2.0000e+01
5.9895e+00	3.5803e+00	2.0000e+01
6.0088e+00	3.5532e+00	2.0000e+01
6.0088e+00	3.5532e+00	2.0000e+01
6.0120e+00	3.5487e+00	2.0000e+01
6.0120e+00	3.5487e+00	2.0000e+01
6.0329e+00	3.5199e+00	2.0000e+01
6.0329e+00	3.5199e+00	2.0000e+01
6.0425e+00	3.5065e+00	2.0000e+01
6.0425e+00	3.5065e+00	2.0000e+01
6.0656e+00	3.4751e+00	2.0000e+01
6.0656e+00	3.4751e+00	2.0000e+01
6.0730e+00	3.4648e+00	2.0000e+01
6.0730e+00	3.4648e+00	2.0000e+01
6.0761e+00	3.4606e+00	2.0000e+01
6.0761e+00	3.4606e+00	2.0000e+01
6.0834e+00	3.4505e+00	2.0000e+01
6.0834e+00	3.4505e+00	2.0000e+01
6.1030e+00	3.4232e+00	2.0000e+01
6.1030e+00	3.4232e+00	2.0000e+01
6.1185e+00	3.4022e+00	2.0000e+01
6.1185e+00	3.4022e+00	2.0000e+01
6.1332e+00	3.3821e+00	2.0000e+01
6.1332e+00	3.3821e+00	2.0000e+01
6.1552e+00	3.3527e+00	2.0000e+01
6.1552e+00	3.3527e+00	2.0000e+01
6.1611e+00	3.3449e+00	2.0000e+01
6.1611e+00	3.3449e+00	2.0000e+01
6.1635e+00	3.3416e+00	2.0000e+01
6.1635e+00	3.3416e+00	2.0000e+01
6.1696e+00	3.3334e+00	2.0000e+01
6.1696e+00	3.3334e+00	2.0000e+01
6.1935e+00	3.3012e+00	2.0000e+01
6.1935e+00	3.3012e+00	2.0000e+01
6.2030e+00	3.2885e+00	2.0000e+01
6.2030e+00	3.2885e+00	2.0000e+01
6.2234e+00	3.2612e+00	2.0000e+01
6.2234e+00	3.2612e+00	2.0000e+01
6.2248e+00	3.2593e+00	2.0000e+01
6.2248e+00	3.2593e+00	2.0000e+01
6.2449e+00	3.2330e+00	2.0000e+01
6.2449e+00	3.2330e+00	2.0000e+01
6.2534e+00	3.2217e+00	2.0000e+01
6.2534e+00	3.2217e+00	2.0000e+01
6.2755e+00	3.1931e+00	2.0000e+01
6.2755e+00	3.1931e+00	2.0000e+01
6.2835e+00	3.1826e+00	2.0000e+01
6.2835e+00	3.1826e+00	2.0000e+01
6.2866e+00	3.1785e+00	2.0000e+01
6.2866e+00	3.1785e+00	2.0000e+01
6.2937e+00	3.1693e+00	2.0000e+01
6.2937e+00	3.1693e+00	2.0000e+01
6.3133e+00	3.1437e+00	2.0000e+01
6.3133e+00	3.1437e+00	2.0000e+01
6.3280e+00	3.1249e+00	2.0000e+01
6.3280e+00	3.1249e+00	2.0000e+01
6.3432e+00	3.1054e+00	2.0000e+01
6.3432e+00	3.1054e+00	2.0000e+01
6.3610e+00	3.0829e+00	2.0000e+01
6.3610e+00	3.0829e+00	2.0000e+01
6.3695e+00	3.0722e+00	2.0000e+01
6.3695e+00	3.0722e+00	2.0000e+01
6.3732e+00	3.0675e+00	2.0000e+01
6.3732e+00	3.0675e+00	2.0000e+01
6.3831e+00	3.0551e+00	2.0000e+01
6.3831e+00	3.0551e+00	2.0000e+01
6.4031e+00	3.0299e+00	2.0000e+01
6.4031e+00	3.0299e+00	2.0000e+01
6.4108e+00	3.0204e+00	2.0000e+01
6.4108e+00	3.0204e+00	2.0000e+01
6.4276e+00	2.9995e+00	2.0000e+01
6.4276e+00	2.9995e+00	2.0000e+01
6.4330e+00	2.9927e+00	2.0000e+01
6.4330e+00	2.9927e+00	2.0000e+01
6.4520e+00	2.9695e+00	2.0000e+01
6.4520e+00	2.9695e+00	2.0000e+01
6.4630e+00	2.9559e+00	2.0000e+01
6.4630e+00	2.9559e+00	2.0000e+01
6.4926e+00	2.9204e+00	2.0000e+01
6.4926e+00	2.9204e+00	2.0000e+01
6.4932e+00	2.9197e+00	2.0000e+01
6.4932e+00	2.9197e+00	2.0000e+01
6.4934e+00	2.9194e+00	2.0000e+01
6.4934e+00	2.9194e+00	2.0000e+01
6.4939e+00	2.9188e+00	2.0000e+01
6.4939e+00	2.9188e+00	2.0000e+01
6.5232e+00	2.8837e+00	2.0000e+01
6.5232e+00	2.8837e+00	2.0000e+01
6.5347e+00	2.8702e+00	2.0000e+01
6.5347e+00	2.8702e+00	2.0000e+01
6.5533e+00	2.8482e+00	2.0000e+01
6.5533e+00	2.8482e+00	2.0000e+01
6.5597e+00	2.8408e+00	2.0000e+01
6.5597e+00	2.8408e+00	2.0000e+01
6.5761e+00	2.8218e+00	2.0000e+01
6.5761e+00	2.8218e+00	2.0000e+01
6.5836e+00	2.8131e+00	2.0000e+01
6.5836e+00	2.8131e+00	2.0000e+01
6.6039e+00	2.7897e+00	2.0000e+01
6.6039e+00	2.7897e+00	2.0000e+01
6.6139e+00	2.7784e+00	2.0000e+01
6.6139e+00	2.7784e+00	2.0000e+01
6.6177e+00	2.7742e+00	2.0000e+01
6.6177e+00	2.7742e+00	2.0000e+01
6.6259e+00	2.7650e+00	2.0000e+01
6.6259e+00	2.7650e+00	2.0000e+01
6.6444e+00	2.7441e+00	2.0000e+01
6.6444e+00	2.7441e+00	2.0000e+01
6.6596e+00	2.7274e+00	2.0000e+01
6.6596e+00	2.7274e+00	2.0000e+01
6.6750e+00	2.7103e+00	2.0000e+01
6.6750e+00	2.7103e+00	2.0000e+01
6.6923e+00	2.6914e+00	2.0000e+01
6.6923e+00	2.6914e+00	2.0000e+01
6.7015e+00	2.6814e+00	2.0000e+01
6.7015e+00	2.6814e+00	2.0000e+01
6.7057e+00	2.6768e+00	2.0000e+01
6.7057e+00	2.6768e+00	2.0000e+01
6.7172e+00	2.6643e+00	2.0000e+01
6.7172e+00	2.6643e+00	2.0000e+01
6.7366e+00	2.6438e+00	2.0000e+01
6.7366e+00	2.6438e+00	2.0000e+01
6.7439e+00	2.6362e+00	2.0000e+01
6.7439e+00	2.6362e+00	2.0000e+01
6.7598e+00	2.6196e+00	2.0000e+01
6.7598e+00	2.6196e+00	2.0000e+01
6.7677e+00	2.6113e+00	2.0000e+01
6.7677e+00	2.6113e+00	2.0000e+01
6.7867e+00	2.5918e+00	2.0000e+01
6.7867e+00	2.5918e+00	2.0000e+01
6.7990e+00	2.5791e+00	2.0000e+01
6.7990e+00	2.5791e+00	2.0000e+01
6.8279e+00	2.5497e+00	2.0000e+01
6.8279e+00	2.5497e+00	2.0000e+01
6.8296e+00	2.5481e+00	2.0000e+01
6.8296e+00	2.5481e+00	2.0000e+01
6.8303e+00	2.5473e+00	2.0000e+01
6.8303e+00	2.5473e+00	2.0000e+01
6.8324e+00	2.5452e+00	2.0000e+01
6.8324e+00	2.5452e+00	2.0000e+01
6.8622e+00	2.5160e+00	2.0000e+01
6.8622e+00	2.5160e+00	2.0000e+01
6.8737e+00	2.5051e+00	2.0000e+01
6.8737e+00	2.5051e+00	2.0000e+01
6.8943e+00	2.4852e+00	2.0000e+01
6.8943e+00	2.4852e+00	2.0000e+01
6.8987e+00	2.4810e+00	2.0000e+01
6.8987e+00	2.4810e+00	2.0000e+01
6.9179e+00	2.4628e+00	2.0000e+01
6.9179e+00	2.4628e+00	2.0000e+01
6.9265e+00	2.4547e+00	2.0000e+01
6.9265e+00	2.4547e+00	2.0000e+01
6.9496e+00	2.4330e+00	2.0000e+01
6.9496e+00	2.4330e+00	2.0000e+01
6.9591e+00	2.4246e+00	2.0000e+01
6.9591e+00	2.4246e+00	2.0000e+01
6.9628e+00	2.4213e+00	2.0000e+01
6.9628e+00	2.4213e+00	2.0000e+01
6.9713e+00	2.4138e+00	2.0000e+01
6.9713e+00	2.4138e+00	2.0000e+01
6.9923e+00	2.3951e+00	2.0000e+01
6.9923e+00	2.3951e+00	2.0000e+01
7.0091e+00	2.3805e+00	2.0000e+01
7.0091e+00	2.3805e+00	2.0000e+01
7.0257e+00	2.3660e+00	2.0000e+01
7.0257e+00	2.3660e+00	2.0000e+01
7.0472e+00	2.3475e+00	2.0000e+01
7.0472e+00	2.3475e+00	2.0000e+01
7.0556e+00	2.3403e+00	2.0000e+01
7.0556e+00	2.3403e+00	2.0000e+01
7.0592e+00	2.3372e+00	2.0000e+01
7.0592e+00	2.3372e+00	2.0000e+01
7.0688e+00	2.3290e+00	2.0000e+01
7.0688e+00	2.3290e+00	2.0000e+01
7.0937e+00	2.3090e+00	2.0000e+01
7.0937e+00	2.3090e+00	2.0000e+01
7.1041e+00	2.3009e+00	2.0000e+01
7.1041e+00	2.3009e+00	2.0000e+01
7.1284e+00	2.2817e+00	2.0000e+01
7.1284e+00	2.2817e+00	2.0000e+01
7.1288e+00	2.2813e+00	2.0000e+01
7.1288e+00	2.2813e+00	2.0000e+01
7.1535e+00	2.2621e+00	2.0000e+01
7.1535e+00	2.2621e+00	2.0000e+01
7.1640e+00	2.2539e+00	2.0000e+01
7.1640e+00	2.2539e+00	2.0000e+01
7.1900e+00	2.2339e+00	2.0000e+01
7.1900e+00	2.2339e+00	2.0000e+01
7.1998e+00	2.2270e+00	2.0000e+01
7.1998e+00	2.2270e+00	2.0000e+01
7.2042e+00	2.2239e+00	2.0000e+01
7.2042e+00	2.2239e+00	2.0000e+01
7.2151e+00	2.2162e+00	2.0000e+01
7.2151e+00	2.2162e+00	2.0000e+01
7.2371e+00	2.2008e+00	2.0000e+01
7.2371e+00	2.2008e+00	2.0000e+01
7.2579e+00	2.1864e+00	2.0000e+01
7.2579e+00	2.1864e+00	2.0000e+01
7.2746e+00	2.1748e+00	2.0000e+01
7.2746e+00	2.1748e+00	2.0000e+01
7.3107e+00	2.1504e+00	2.0000e+01
7.3107e+00	2.1504e+00	2.0000e+01
7.3118e+00	2.1496e+00	2.0000e+01
7.3118e+00	2.1496e+00	2.0000e+01
7.3123e+00	2.1493e+00	2.0000e+01
7.3123e+00	2.1493e+00	2.0000e+01
7.3133e+00	2.1485e+00	2.0000e+01
7.3133e+00	2.1485e+00	2.0000e+01
7.3525e+00	2.1246e+00	2.0000e+01
7.3525e+00	2.1246e+00	2.0000e+01
7.3715e+00	2.1133e+00	2.0000e+01
7.3715e+00	2.1133e+00	2.0000e+01
7.3931e+00	2.1003e+00	2.0000e+01
7.3931e+00	2.1003e+00	2.0000e+01
7.4252e+00	2.0815e+00	2.0000e+01
7.4252e+00	2.0815e+00	2.0000e+01
7.4317e+00	2.0777e+00	2.0000e+01
7.4317e+00	2.0777e+00	2.0000e+01
7.4340e+00	2.0764e+00	2.0000e+01
7.4340e+00	2.0764e+00	2.0000e+01
7.4388e+00	2.0735e+00	2.0000e+01
7.4388e+00	2.0735e+00	2.0000e+01
7.4780e+00	2.0534e+00	2.0000e+01
7.4780e+00	2.0534e+00	2.0000e+01
7.4996e+00	2.0427e+00	2.0000e+01
7.4996e+00	2.0427e+00	2.0000e+01
7.5229e+00	2.0309e+00	2.0000e+01
7.5229e+00	2.0309e+00	2.0000e+01
7.5664e+00	2.0096e+00	2.0000e+01
7.5664e+00	2.0096e+00	2.0000e+01
7.5684e+00	2.0088e+00	2.0000e+01
7.5684e+00	2.0088e+00	2.0000e+01
7.5697e+00	2.0082e+00	2.0000e+01
7.5697e+00	2.0082e+00	2.0000e+01
7.5757e+00	2.0057e+00	2.0000e+01
7.5757e+00	2.0057e+00	2.0000e+01
7.6187e+00	1.9880e+00	2.0000e+01
7.6187e+00	1.9880e+00	2.0000e+01
7.6528e+00	1.9744e+00	2.0000e+01
7.6528e+00	1.9744e+00	2.0000e+01
7.6696e+00	1.9675e+00	2.0000e+01
7.6696e+00	1.9675e+00	2.0000e+01
7.6961e+00	1.9570e+00	2.0000e+01
7.6961e+00	1.9570e+00	2.0000e+01
7.7243e+00	1.9482e+00	2.0000e+01
7.7243e+00	1.9482e+00	2.0000e+01
7.7473e+00	1.9411e+00	2.0000e+01
7.7473e+00	1.9411e+00	2.0000e+01
7.7832e+00	1.9299e+00	2.0000e+01
7.7832e+00	1.9299e+00	2.0000e+01
7.8281e+00	1.9163e+00	2.0000e+01
7.8281e+00	1.9163e+00	2.0000e+01
7.8454e+00	1.9125e+00	2.0000e+01
7.8454e+00	1.9125e+00	2.0000e+01
7.8649e+00	1.9083e+00	2.0000e+01
7.8649e+00	1.9083e+00	2.0000e+01
7.9161e+00	1.8972e+00	2.0000e+01
7.9161e+00	1.8972e+00	2.0000e+01
7.9624e+00	1.8875e+00	2.0000e+01
7.9624e+00	1.8875e+00	2.0000e+01
7.9936e+00	1.8835e+00	2.0000e+01
7.9936e+00	1.8835e+00	2.0000e+01
8.0530e+00	1.8761e+00	2.0000e+01
8.0530e+00	1.8761e+00	2.0000e+01
8.0829e+00	1.8724e+00	2.0000e+01
8.0829e+00	1.8724e+00	2.0000e+01
8.0990e+00	1.8705e+00	2.0000e+01
8.0990e+00	1.8705e+00	2.0000e+01
8.1286e+00	1.8693e+00	2.0000e+01
8.1286e+00	1.8693e+00	2.0000e+01
8.1958e+00	1.8666e+00	2.0000e+01
8.1958e+00	1.8666e+00	2.0000e+01
8.2379e+00	1.8650e+00	2.0000e+01
8.2379e+00	1.8650e+00	2.0000e+01
8.2797e+00	1.8667e+00	2.0000e+01
8.2797e+00	1.8667e+00	2.0000e+01
8.3487e+00	1.8693e+00	2.0000e+01
8.3487e+00	1.8693e+00	2.0000e+01
8.3792e+00	1.8705e+00	2.0000e+01
8.3792e+00	1.8705e+00	2.0000e+01
8.3958e+00	1.8724e+00	2.0000e+01
8.3958e+00	1.8724e+00	2.0000e+01
8.4290e+00	1.8761e+00	2.0000e+01
8.4290e+00	1.8761e+00	2.0000e+01
8.4918e+00	1.8830e+00	2.0000e+01
8.4918e+00	1.8830e+00	2.0000e+01
8.5229e+00	1.8863e+00	2.0000e+01
8.5229e+00	1.8863e+00	2.0000e+01
8.5782e+00	1.8960e+00	2.0000e+01
8.5782e+00	1.8960e+00	2.0000e+01
8.6502e+00	1.9083e+00	2.0000e+01
8.6502e+00	1.9083e+00	2.0000e+01
8.6609e+00	1.9101e+00	2.0000e+01
8.6609e+00	1.9101e+00	2.0000e+01
8.6691e+00	1.9115e+00	2.0000e+01
8.6691e+00	1.9115e+00	2.0000e+01
8.7351e+00	1.9264e+00	2.0000e+01
8.7351e+00	1.9264e+00	2.0000e+01
8.8011e+00	1.9411e+00	2.0000e+01
8.8011e+00	1.9411e+00	2.0000e+01
8.8094e+00	1.9429e+00	2.0000e+01
8.8094e+00	1.9429e+00	2.0000e+01
8.8177e+00	1.9447e+00	2.0000e+01
8.8177e+00	1.9447e+00	2.0000e+01
8.8784e+00	1.9609e+00	2.0000e+01
8.8784e+00	1.9609e+00	2.0000e+01
8.9296e+00	1.9744e+00	2.0000e+01
8.9296e+00	1.9744e+00	2.0000e+01
8.9477e+00	1.9790e+00	2.0000e+01
8.9477e+00	1.9790e+00	2.0000e+01
8.9690e+00	1.9845e+00	2.0000e+01
8.9690e+00	1.9845e+00	2.0000e+01
9.0147e+00	1.9980e+00	2.0000e+01
9.0147e+00	1.9980e+00	2.0000e+01
9.0494e+00	2.0082e+00	2.0000e+01
9.0494e+00	2.0082e+00	2.0000e+01
9.0812e+00	2.0174e+00	2.0000e+01
9.0812e+00	2.0174e+00	2.0000e+01
9.1228e+00	2.0292e+00	2.0000e+01
9.1228e+00	2.0292e+00	2.0000e+01
9.1477e+00	2.0371e+00	2.0000e+01
9.1477e+00	2.0371e+00	2.0000e+01
9.1656e+00	2.0427e+00	2.0000e+01
9.1656e+00	2.0427e+00	2.0000e+01
9.2133e+00	2.0573e+00	2.0000e+01
9.2133e+00	2.0573e+00	2.0000e+01
9.2793e+00	2.0772e+00	2.0000e+01
9.2793e+00	2.0772e+00	2.0000e+01
9.2802e+00	2.0775e+00	2.0000e+01
9.2802e+00	2.0775e+00	2.0000e+01
9.2808e+00	2.0777e+00	2.0000e+01
9.2808e+00	2.0777e+00	2.0000e+01
9.2847e+00	2.0789e+00	2.0000e+01
9.2847e+00	2.0789e+00	2.0000e+01
9.3464e+00	2.0981e+00	2.0000e+01
9.3464e+00	2.0981e+00	2.0000e+01
9.3957e+00	2.1133e+00	2.0000e+01
9.3957e+00	2.1133e+00	2.0000e+01
9.4139e+00	2.1188e+00	2.0000e+01
9.4139e+00	2.1188e+00	2.0000e+01
9.4384e+00	2.1262e+00	2.0000e+01
9.4384e+00	2.1262e+00	2.0000e+01
9.4826e+00	2.1396e+00	2.0000e+01
9.4826e+00	2.1396e+00	2.0000e+01
9.5161e+00	2.1496e+00	2.0000e+01
9.5161e+00	2.1496e+00	2.0000e+01
9.5526e+00	2.1603e+00	2.0000e+01
9.5526e+00	2.1603e+00	2.0000e+01
9.6003e+00	2.1742e+00	2.0000e+01
9.6003e+00	2.1742e+00	2.0000e+01
9.6245e+00	2.1809e+00	2.0000e+01
9.6245e+00	2.1809e+00	2.0000e+01
9.6444e+00	2.1864e+00	2.0000e+01
9.6444e+00	2.1864e+00	2.0000e+01
9.6991e+00	2.2013e+00	2.0000e+01
9.6991e+00	2.2013e+00	2.0000e+01
9.7650e+00	2.2190e+00	2.0000e+01
9.7650e+00	2.2190e+00	2.0000e+01
9.7756e+00	2.2215e+00	2.0000e+01
9.7756e+00	2.2215e+00	2.0000e+01
9.7856e+00	2.2239e+00	2.0000e+01
9.7856e+00	2.2239e+00	2.0000e+01
9.8574e+00	2.2409e+00	2.0000e+01
9.8574e+00	2.2409e+00	2.0000e+01
9.9325e+00	2.2583e+00	2.0000e+01
9.9325e+00	2.2583e+00	2.0000e+01
9.9414e+00	2.2600e+00	2.0000e+01
9.9414e+00	2.2600e+00	2.0000e+01
9.9522e+00	2.2621e+00	2.0000e+01
9.9522e+00	2.2621e+00	2.0000e+01
1.0034e+01	2.2775e+00	2.0000e+01
1.0034e+01	2.2775e+00	2.0000e+01
1.0103e+01	2.2900e+00	2.0000e+01
1.0103e+01	2.2900e+00	2.0000e+01
1.0133e+01	2.2940e+00	2.0000e+01
1.0133e+01	2.2940e+00	2.0000e+01
1.0186e+01	2.3009e+00	2.0000e+01
1.0186e+01	2.3009e+00	2.0000e+01
1.0244e+01	2.3082e+00	2.0000e+01
1.0244e+01	2.3082e+00	2.0000e+01
1.0276e+01	2.3122e+00	2.0000e+01
1.0276e+01	2.3122e+00	2.0000e+01
1.0345e+01	2.3164e+00	2.0000e+01
1.0345e+01	2.3164e+00	2.0000e+01
1.0374e+01	2.3182e+00	2.0000e+01
1.0374e+01	2.3182e+00	2.0000e+01
1.0452e+01	2.3229e+00	2.0000e+01
1.0452e+01	2.3229e+00	2.0000e+01
1.0536e+01	2.3218e+00	2.0000e+01
1.0536e+01	2.3218e+00	2.0000e+01
1.0547e+01	2.3216e+00	2.0000e+01
1.0547e+01	2.3216e+00	2.0000e+01
1.0632e+01	2.3206e+00	2.0000e+01
1.0632e+01	2.3206e+00	2.0000e+01
1.0695e+01	2.3147e+00	2.0000e+01
1.0695e+01	2.3147e+00	2.0000e+01
1.0787e+01	2.3066e+00	2.0000e+01
1.0787e+01	2.3066e+00	2.0000e+01
1.0814e+01	2.3042e+00	2.0000e+01
1.0814e+01	2.3042e+00	2.0000e+01
1.0823e+01	2.3027e+00	2.0000e+01
1.0823e+01	2.3027e+00	2.0000e+01
1.0833e+01	2.3009e+00	2.0000e+01
1.0833e+01	2.3009e+00	2.0000e+01
1.0925e+01	2.2852e+00	2.0000e+01
1.0925e+01	2.2852e+00	2.0000e+01
1.0999e+01	2.2728e+00	2.0000e+01
1.0999e+01	2.2728e+00	2.0000e+01
1.1023e+01	2.2669e+00	2.0000e+01
1.1023e+01	2.2669e+00	2.0000e+01
1.1042e+01	2.2621e+00	2.0000e+01
1.1042e+01	2.2621e+00	2.0000e+01
1.1107e+01	2.2458e+00	2.0000e+01
1.1107e+01	2.2458e+00	2.0000e+01
1.1188e+01	2.2262e+00	2.0000e+01
1.1188e+01	2.2262e+00	2.0000e+01
1.1192e+01	2.2248e+00	2.0000e+01
1.1192e+01	2.2248e+00	2.0000e+01
1.1195e+01	2.2239e+00	2.0000e+01
1.1195e+01	2.2239e+00	2.0000e+01
1.1206e+01	2.2204e+00	2.0000e+01
1.1206e+01	2.2204e+00	2.0000e+01
1.1264e+01	2.2013e+00	2.0000e+01
1.1264e+01	2.2013e+00	2.0000e+01
1.1311e+01	2.1864e+00	2.0000e+01
1.1311e+01	2.1864e+00	2.0000e+01
1.1337e+01	2.1782e+00	2.0000e+01
1.1337e+01	2.1782e+00	2.0000e+01
1.1380e+01	2.1647e+00	2.0000e+01
1.1380e+01	2.1647e+00	2.0000e+01
1.1406e+01	2.1545e+00	2.0000e+01
1.1406e+01	2.1545e+00	2.0000e+01
1.1418e+01	2.1496e+00	2.0000e+01
1.1418e+01	2.1496e+00	2.0000e+01
1.1454e+01	2.1357e+00	2.0000e+01
1.1454e+01	2.1357e+00	2.0000e+01
1.1469e+01	2.1298e+00	2.0000e+01
1.1469e+01	2.1298e+00	2.0000e+01
1.1512e+01	2.1133e+00	2.0000e+01
1.1512e+01	2.1133e+00	2.0000e+01
1.1532e+01	2.1055e+00	2.0000e+01
1.1532e+01	2.1055e+00	2.0000e+01
1.1575e+01	2.0892e+00	2.0000e+01
1.1575e+01	2.0892e+00	2.0000e+01
1.1593e+01	2.0810e+00	2.0000e+01
1.1593e+01	2.0810e+00	2.0000e+01
1.1601e+01	2.0777e+00	2.0000e+01
1.1601e+01	2.0777e+00	2.0000e+01
1.1617e+01	2.0702e+00	2.0000e+01
1.1617e+01	2.0702e+00	2.0000e+01
1.1649e+01	2.0557e+00	2.0000e+01
1.1649e+01	2.0557e+00	2.0000e+01
1.1679e+01	2.0427e+00	2.0000e+01
1.1679e+01	2.0427e+00	2.0000e+01
1.1705e+01	2.0308e+00	2.0000e+01
1.1705e+01	2.0308e+00	2.0000e+01
1.1747e+01	2.0128e+00	2.0000e+01
1.1747e+01	2.0128e+00	2.0000e+01
1.1757e+01	2.0082e+00	2.0000e+01
1.1757e+01	2.0082e+00	2.0000e+01
1.1762e+01	2.0062e+00	2.0000e+01
1.1762e+01	2.0062e+00	2.0000e+01
1.1774e+01	2.0011e+00	2.0000e+01
1.1774e+01	2.0011e+00	2.0000e+01
1.1814e+01	1.9811e+00	2.0000e+01
1.1814e+01	1.9811e+00	2.0000e+01
1.1828e+01	1.9744e+00	2.0000e+01
1.1828e+01	1.9744e+00	2.0000e+01
1.1855e+01	1.9608e+00	2.0000e+01
1.1855e+01	1.9608e+00	2.0000e+01
1.1865e+01	1.9561e+00	2.0000e+01
1.1865e+01	1.9561e+00	2.0000e+01
1.1896e+01	1.9411e+00	2.0000e+01
1.1896e+01	1.9411e+00	2.0000e+01
1.1916e+01	1.9313e+00	2.0000e+01
1.1916e+01	1.9313e+00	2.0000e+01
1.1958e+01	1.9112e+00	2.0000e+01
1.1958e+01	1.9112e+00	2.0000e+01
1.1964e+01	1.9083e+00	2.0000e+01
1.1964e+01	1.9083e+00	2.0000e+01
1.1967e+01	1.9069e+00	2.0000e+01
1.1967e+01	1.9069e+00	2.0000e+01
1.1976e+01	1.9026e+00	2.0000e+01
1.1976e+01	1.9026e+00	2.0000e+01
1.2014e+01	1.8822e+00	2.0000e+01
1.2014e+01	1.8822e+00	2.0000e+01
1.2026e+01	1.8761e+00	2.0000e+01
1.2026e+01	1.8761e+00	2.0000e+01
1.2047e+01	1.8651e+00	2.0000e+01
1.2047e+01	1.8651e+00	2.0000e+01
1.2061e+01	1.8577e+00	2.0000e+01
1.2061e+01	1.8577e+00	2.0000e+01
1.2086e+01	1.8445e+00	2.0000e+01
1.2086e+01	1.8445e+00	2.0000e+01
1.2108e+01	1.8334e+00	2.0000e+01
1.2108e+01	1.8334e+00	2.0000e+01
1.2133e+01	1.8206e+00	2.0000e+01
1.2133e+01	1.8206e+00	2.0000e+01
1.2147e+01	1.8134e+00	2.0000e+01
1.2147e+01	1.8134e+00	2.0000e+01
1.2155e+01	1.8095e+00	2.0000e+01
1.2155e+01	1.8095e+00	2.0000e+01
1.2181e+01	1.7961e+00	2.0000e+01
1.2181e+01	1.7961e+00	2.0000e+01
1.2200e+01	1.7857e+00	2.0000e+01
1.2200e+01	1.7857e+00	2.0000e+01
1.2206e+01	1.7828e+00	2.0000e+01
1.2206e+01	1.7828e+00	2.0000e+01
1.2215e+01	1.7779e+00	2.0000e+01
1.2215e+01	1.7779e+00	2.0000e+01
1.2244e+01	1.7619e+00	2.0000e+01
1.2244e+01	1.7619e+00	2.0000e+01
1.2261e+01	1.7528e+00	2.0000e+01
1.2261e+01	1.7528e+00	2.0000e+01
1.2288e+01	1.7384e+00	2.0000e+01
1.2288e+01	1.7384e+00	2.0000e+01
1.2291e+01	1.7372e+00	2.0000e+01
1.2291e+01	1.7372e+00	2.0000e+01
1.2317e+01	1.7232e+00	2.0000e+01
1.2317e+01	1.7232e+00	2.0000e+01
1.2332e+01	1.7152e+00	2.0000e+01
1.2332e+01	1.7152e+00	2.0000e+01
1.2366e+01	1.6974e+00	2.0000e+01
1.2366e+01	1.6974e+00	2.0000e+01
1.2372e+01	1.6942e+00	2.0000e+01
1.2372e+01	1.6942e+00	2.0000e+01
1.2376e+01	1.6923e+00	2.0000e+01
1.2376e+01	1.6923e+00	2.0000e+01
1.2390e+01	1.6850e+00	2.0000e+01
1.2390e+01	1.6850e+00	2.0000e+01
1.2419e+01	1.6695e+00	2.0000e+01
1.2419e+01	1.6695e+00	2.0000e+01
1.2426e+01	1.6656e+00	2.0000e+01
1.2426e+01	1.6656e+00	2.0000e+01
1.2438e+01	1.6592e+00	2.0000e+01
1.2438e+01	1.6592e+00	2.0000e+01
1.2461e+01	1.6469e+00	2.0000e+01
1.2461e+01	1.6469e+00	2.0000e+01
1.2479e+01	1.6375e+00	2.0000e+01
1.2479e+01	1.6375e+00	2.0000e+01
1.2503e+01	1.6246e+00	2.0000e+01
1.2503e+01	1.6246e+00	2.0000e+01
1.2508e+01	1.6221e+00	2.0000e+01
1.2508e+01	1.6221e+00	2.0000e+01
1.2531e+01	1.6099e+00	2.0000e+01
1.2531e+01	1.6099e+00	2.0000e+01
1.2545e+01	1.6025e+00	2.0000e+01
1.2545e+01	1.6025e+00	2.0000e+01
1.2577e+01	1.5860e+00	2.0000e+01
1.2577e+01	1.5860e+00	2.0000e+01
1.2583e+01	1.5827e+00	2.0000e+01
1.2583e+01	1.5827e+00	2.0000e+01
1.2587e+01	1.5808e+00	2.0000e+01
1.2587e+01	1.5808e+00	2.0000e+01
1.2602e+01	1.5726e+00	2.0000e+01
1.2602e+01	1.5726e+00	2.0000e+01
1.2628e+01	1.5592e+00	2.0000e+01
1.2628e+01	1.5592e+00	2.0000e+01
1.2634e+01	1.5561e+00	2.0000e+01
1.2634e+01	1.5561e+00	2.0000e+01
1.2644e+01	1.5509e+00	2.0000e+01
1.2644e+01	1.5509e+00	2.0000e+01
1.2669e+01	1.5380e+00	2.0000e+01
1.2669e+01	1.5380e+00	2.0000e+01
1.2686e+01	1.5298e+00	2.0000e+01
1.2686e+01	1.5298e+00	2.0000e+01
1.2711e+01	1.5169e+00	2.0000e+01
1.2711e+01	1.5169e+00	2.0000e+01
1.2711e+01	1.5167e+00	2.0000e+01
1.2711e+01	1.5167e+00	2.0000e+01
1.2736e+01	1.5040e+00	2.0000e+01
1.2736e+01	1.5040e+00	2.0000e+01
1.2752e+01	1.4962e+00	2.0000e+01
1.2752e+01	1.4962e+00	2.0000e+01
1.2777e+01	1.4834e+00	2.0000e+01
1.2777e+01	1.4834e+00	2.0000e+01
1.2787e+01	1.4787e+00	2.0000e+01
1.2787e+01	1.4787e+00	2.0000e+01
1.2793e+01	1.4757e+00	2.0000e+01
1.2793e+01	1.4757e+00	2.0000e+01
1.2819e+01	1.4628e+00	2.0000e+01
1.2819e+01	1.4628e+00	2.0000e+01
1.2834e+01	1.4555e+00	2.0000e+01
1.2834e+01	1.4555e+00	2.0000e+01
1.2838e+01	1.4537e+00	2.0000e+01
1.2838e+01	1.4537e+00	2.0000e+01
1.2844e+01	1.4509e+00	2.0000e+01
1.2844e+01	1.4509e+00	2.0000e+01
1.2876e+01	1.4356e+00	2.0000e+01
1.2876e+01	1.4356e+00	2.0000e+01
1.2889e+01	1.4292e+00	2.0000e+01
1.2889e+01	1.4292e+00	2.0000e+01
1.2910e+01	1.4191e+00	2.0000e+01
1.2910e+01	1.4191e+00	2.0000e+01
1.2917e+01	1.4159e+00	2.0000e+01
1.2917e+01	1.4159e+00	2.0000e+01
1.2940e+01	1.4051e+00	2.0000e+01
1.2940e+01	1.4051e+00	2.0000e+01
1.2958e+01	1.3965e+00	2.0000e+01
1.2958e+01	1.3965e+00	2.0000e+01
1.2977e+01	1.3880e+00	2.0000e+01
1.2977e+01	1.3880e+00	2.0000e+01
1.2991e+01	1.3814e+00	2.0000e+01
1.2991e+01	1.3814e+00	2.0000e+01
1.3000e+01	1.3773e+00	2.0000e+01
1.3000e+01	1.3773e+00	2.0000e+01
1.3038e+01	1.3595e+00	2.0000e+01
1.3038e+01	1.3595e+00	2.0000e+01
1.3041e+01	1.3584e+00	2.0000e+01
1.3041e+01	1.3584e+00	2.0000e+01
1.3042e+01	1.3581e+00	2.0000e+01
1.3042e+01	1.3581e+00	2.0000e+01
1.3043e+01	1.3577e+00	2.0000e+01
1.3043e+01	1.3577e+00	2.0000e+01
1.3084e+01	1.3399e+00	2.0000e+01
1.3084e+01	1.3399e+00	2.0000e+01
1.3096e+01	1.3352e+00	2.0000e+01
1.3096e+01	1.3352e+00	2.0000e+01
1.3114e+01	1.3275e+00	2.0000e+01
1.3114e+01	1.3275e+00	2.0000e+01
1.3128e+01	1.3217e+00	2.0000e+01
1.3128e+01	1.3217e+00	2.0000e+01
1.3149e+01	1.3127e+00	2.0000e+01
1.3149e+01	1.3127e+00	2.0000e+01
1.3171e+01	1.3037e+00	2.0000e+01
1.3171e+01	1.3037e+00	2.0000e+01
1.3184e+01	1.2982e+00	2.0000e+01
1.3184e+01	1.2982e+00	2.0000e+01
1.3203e+01	1.2906e+00	2.0000e+01
1.3203e+01	1.2906e+00	2.0000e+01
1.3214e+01	1.2859e+00	2.0000e+01
1.3214e+01	1.2859e+00	2.0000e+01
1.3254e+01	1.2696e+00	2.0000e+01
1.3254e+01	1.2696e+00	2.0000e+01
1.3256e+01	1.2688e+00	2.0000e+01
1.3256e+01	1.2688e+00	2.0000e+01
1.3257e+01	1.2684e+00	2.0000e+01
1.3257e+01	1.2684e+00	2.0000e+01
1.3262e+01	1.2664e+00	2.0000e+01
1.3262e+01	1.2664e+00	2.0000e+01
1.3304e+01	1.2514e+00	2.0000e+01
1.3304e+01	1.2514e+00	2.0000e+01
1.3315e+01	1.2474e+00	2.0000e+01
1.3315e+01	1.2474e+00	2.0000e+01
1.3335e+01	1.2406e+00	2.0000e+01
1.3335e+01	1.2406e+00	2.0000e+01
1.3352e+01	1.2347e+00	2.0000e+01
1.3352e+01	1.2347e+00	2.0000e+01
1.3375e+01	1.2264e+00	2.0000e+01
1.3375e+01	1.2264e+00	2.0000e+01
1.3399e+01	1.2181e+00	2.0000e+01
1.3399e+01	1.2181e+00	2.0000e+01
1.3416e+01	1.2123e+00	2.0000e+01
1.3416e+01	1.2123e+00	2.0000e+01
1.3435e+01	1.2057e+00	2.0000e+01
1.3435e+01	1.2057e+00	2.0000e+01
1.3446e+01	1.2018e+00	2.0000e+01
1.3446e+01	1.2018e+00	2.0000e+01
1.3490e+01	1.1870e+00	2.0000e+01
1.3490e+01	1.1870e+00	2.0000e+01
1.3494e+01	1.1858e+00	2.0000e+01
1.3494e+01	1.1858e+00	2.0000e+01
1.3495e+01	1.1854e+00	2.0000e+01
1.3495e+01	1.1854e+00	2.0000e+01
1.3498e+01	1.1846e+00	2.0000e+01
1.3498e+01	1.1846e+00	2.0000e+01
1.3549e+01	1.1705e+00	2.0000e+01
1.3549e+01	1.1705e+00	2.0000e+01
1.3568e+01	1.1654e+00	2.0000e+01
1.3568e+01	1.1654e+00	2.0000e+01
1.3604e+01	1.1556e+00	2.0000e+01
1.3604e+01	1.1556e+00	2.0000e+01
1.3604e+01	1.1555e+00	2.0000e+01
1.3604e+01	1.1555e+00	2.0000e+01
1.3641e+01	1.1457e+00	2.0000e+01
1.3641e+01	1.1457e+00	2.0000e+01
1.3660e+01	1.1406e+00	2.0000e+01
1.3660e+01	1.1406e+00	2.0000e+01
1.3710e+01	1.1274e+00	2.0000e+01
1.3710e+01	1.1274e+00	2.0000e+01
1.3713e+01	1.1264e+00	2.0000e+01
1.3713e+01	1.1264e+00	2.0000e+01
1.3715e+01	1.1259e+00	2.0000e+01
1.3715e+01	1.1259e+00	2.0000e+01
1.3721e+01	1.1243e+00	2.0000e+01
1.3721e+01	1.1243e+00	2.0000e+01
1.3783e+01	1.1125e+00	2.0000e+01
1.3783e+01	1.1125e+00	2.0000e+01
1.3811e+01	1.1074e+00	2.0000e+01
1.3811e+01	1.1074e+00	2.0000e+01
1.3854e+01	1.0993e+00	2.0000e+01
1.3854e+01	1.0993e+00	2.0000e+01
1.3878e+01	1.0949e+00	2.0000e+01
1.3878e+01	1.0949e+00	2.0000e+01
1.3912e+01	1.0887e+00	2.0000e+01
1.3912e+01	1.0887e+00	2.0000e+01
1.3925e+01	1.0863e+00	2.0000e+01
1.3925e+01	1.0863e+00	2.0000e+01
1.3956e+01	1.0806e+00	2.0000e+01
1.3956e+01	1.0806e+00	2.0000e+01
1.4014e+01	1.0748e+00	2.0000e+01
1.4014e+01	1.0748e+00	2.0000e+01
1.4060e+01	1.0704e+00	2.0000e+01
1.4060e+01	1.0704e+00	2.0000e+01
1.4119e+01	1.0646e+00	2.0000e+01
1.4119e+01	1.0646e+00	2.0000e+01
1.4196e+01	1.0572e+00	2.0000e+01
1.4196e+01	1.0572e+00	2.0000e+01
1.4253e+01	1.0566e+00	2.0000e+01
1.4253e+01	1.0566e+00	2.0000e+01
1.4404e+01	1.0549e+00	2.0000e+01
1.4404e+01	1.0549e+00	2.0000e+01
1.4439e+01	1.0545e+00	2.0000e+01
1.4439e+01	1.0545e+00	2.0000e+01
1.4550e+01	1.0622e+00	2.0000e+01
1.4550e+01	1.0622e+00	2.0000e+01
1.4671e+01	1.0704e+00	2.0000e+01
1.4671e+01	1.0704e+00	2.0000e+01
1.4679e+01	1.0709e+00	2.0000e+01
1.4679e+01	1.0709e+00	2.0000e+01
1.4687e+01	1.0715e+00	2.0000e+01
1.4687e+01	1.0715e+00	2.0000e+01
1.4768e+01	1.0828e+00	2.0000e+01
1.4768e+01	1.0828e+00	2.0000e+01
1.4811e+01	1.0887e+00	2.0000e+01
1.4811e+01	1.0887e+00	2.0000e+01
1.4856e+01	1.0948e+00	2.0000e+01
1.4856e+01	1.0948e+00	2.0000e+01
1.4939e+01	1.1060e+00	2.0000e+01
1.4939e+01	1.1060e+00	2.0000e+01
1.4944e+01	1.1070e+00	2.0000e+01
1.4944e+01	1.1070e+00	2.0000e+01
1.4946e+01	1.1074e+00	2.0000e+01
1.4946e+01	1.1074e+00	2.0000e+01
1.4951e+01	1.1083e+00	2.0000e+01
1.4951e+01	1.1083e+00	2.0000e+01
1.5015e+01	1.1207e+00	2.0000e+01
1.5015e+01	1.1207e+00	2.0000e+01
1.5045e+01	1.1264e+00	2.0000e+01
1.5045e+01	1.1264e+00	2.0000e+01
1.5087e+01	1.1345e+00	2.0000e+01
1.5087e+01	1.1345e+00	2.0000e+01
1.5115e+01	1.1397e+00	2.0000e+01
1.5115e+01	1.1397e+00	2.0000e+01
1.5147e+01	1.1457e+00	2.0000e+01
1.5147e+01	1.1457e+00	2.0000e+01
1.5161e+01	1.1483e+00	2.0000e+01
1.5161e+01	1.1483e+00	2.0000e+01
1.5195e+01	1.1547e+00	2.0000e+01
1.5195e+01	1.1547e+00	2.0000e+01
1.5230e+01	1.1627e+00	2.0000e+01
1.5230e+01	1.1627e+00	2.0000e+01
1.5241e+01	1.1654e+00	2.0000e+01
1.5241e+01	1.1654e+00	2.0000e+01
1.5265e+01	1.1708e+00	2.0000e+01
1.5265e+01	1.1708e+00	2.0000e+01
1.5295e+01	1.1776e+00	2.0000e+01
1.5295e+01	1.1776e+00	2.0000e+01
1.5330e+01	1.1854e+00	2.0000e+01
1.5330e+01	1.1854e+00	2.0000e+01
1.5362e+01	1.1926e+00	2.0000e+01
1.5362e+01	1.1926e+00	2.0000e+01
1.5403e+01	1.2016e+00	2.0000e+01
1.5403e+01	1.2016e+00	2.0000e+01
1.5421e+01	1.2057e+00	2.0000e+01
1.5421e+01	1.2057e+00	2.0000e+01
1.5430e+01	1.2077e+00	2.0000e+01
1.5430e+01	1.2077e+00	2.0000e+01
1.5455e+01	1.2132e+00	2.0000e+01
1.5455e+01	1.2132e+00	2.0000e+01
1.5496e+01	1.2232e+00	2.0000e+01
1.5496e+01	1.2232e+00	2.0000e+01
1.5510e+01	1.2264e+00	2.0000e+01
1.5510e+01	1.2264e+00	2.0000e+01
1.5537e+01	1.2328e+00	2.0000e+01
1.5537e+01	1.2328e+00	2.0000e+01
1.5562e+01	1.2389e+00	2.0000e+01
1.5562e+01	1.2389e+00	2.0000e+01
1.5598e+01	1.2474e+00	2.0000e+01
1.5598e+01	1.2474e+00	2.0000e+01
1.5629e+01	1.2547e+00	2.0000e+01
1.5629e+01	1.2547e+00	2.0000e+01
1.5672e+01	1.2649e+00	2.0000e+01
1.5672e+01	1.2649e+00	2.0000e+01
1.5689e+01	1.2688e+00	2.0000e+01
1.5689e+01	1.2688e+00	2.0000e+01
1.5697e+01	1.2707e+00	2.0000e+01
1.5697e+01	1.2707e+00	2.0000e+01
1.5721e+01	1.2762e+00	2.0000e+01
1.5721e+01	1.2762e+00	2.0000e+01
1.5766e+01	1.2869e+00	2.0000e+01
1.5766e+01	1.2869e+00	2.0000e+01
1.5782e+01	1.2906e+00	2.0000e+01
1.5782e+01	1.2906e+00	2.0000e+01
1.5817e+01	1.2985e+00	2.0000e+01
1.5817e+01	1.2985e+00	2.0000e+01
1.5837e+01	1.3031e+00	2.0000e+01
1.5837e+01	1.3031e+00	2.0000e+01
1.5879e+01	1.3127e+00	2.0000e+01
1.5879e+01	1.3127e+00	2.0000e+01
1.5908e+01	1.3195e+00	2.0000e+01
1.5908e+01	1.3195e+00	2.0000e+01
1.5972e+01	1.3337e+00	2.0000e+01
1.5972e+01	1.3337e+00	2.0000e+01
1.5978e+01	1.3352e+00	2.0000e+01
1.5978e+01	1.3352e+00	2.0000e+01
1.5982e+01	1.3359e+00	2.0000e+01
1.5982e+01	1.3359e+00	2.0000e+01
1.5990e+01	1.3378e+00	2.0000e+01
1.5990e+01	1.3378e+00	2.0000e+01
1.6061e+01	1.3521e+00	2.0000e+01
1.6061e+01	1.3521e+00	2.0000e+01
1.6091e+01	1.3581e+00	2.0000e+01
1.6091e+01	1.3581e+00	2.0000e+01
1.6143e+01	1.3683e+00	2.0000e+01
1.6143e+01	1.3683e+00	2.0000e+01
1.6168e+01	1.3732e+00	2.0000e+01
1.6168e+01	1.3732e+00	2.0000e+01
1.6210e+01	1.3814e+00	2.0000e+01
1.6210e+01	1.3814e+00	2.0000e+01
1.6226e+01	1.3847e+00	2.0000e+01
1.6226e+01	1.3847e+00	2.0000e+01
1.6264e+01	1.3920e+00	2.0000e+01
1.6264e+01	1.3920e+00	2.0000e+01
1.6320e+01	1.4004e+00	2.0000e+01
1.6320e+01	1.4004e+00	2.0000e+01
1.6352e+01	1.4051e+00	2.0000e+01
1.6352e+01	1.4051e+00	2.0000e+01
1.6422e+01	1.4155e+00	2.0000e+01
1.6422e+01	1.4155e+00	2.0000e+01
1.6478e+01	1.4235e+00	2.0000e+01
1.6478e+01	1.4235e+00	2.0000e+01
1.6517e+01	1.4292e+00	2.0000e+01
1.6517e+01	1.4292e+00	2.0000e+01
1.6527e+01	1.4307e+00	2.0000e+01
1.6527e+01	1.4307e+00	2.0000e+01
1.6543e+01	1.4330e+00	2.0000e+01
1.6543e+01	1.4330e+00	2.0000e+01
1.6666e+01	1.4430e+00	2.0000e+01
1.6666e+01	1.4430e+00	2.0000e+01
1.6799e+01	1.4537e+00	2.0000e+01
1.6799e+01	1.4537e+00	2.0000e+01
1.6814e+01	1.4549e+00	2.0000e+01
1.6814e+01	1.4549e+00	2.0000e+01
1.6827e+01	1.4559e+00	2.0000e+01
1.6827e+01	1.4559e+00	2.0000e+01
1.6853e+01	1.4560e+00	2.0000e+01
1.6853e+01	1.4560e+00	2.0000e+01
1.7081e+01	1.4567e+00	2.0000e+01
1.7081e+01	1.4567e+00	2.0000e+01
1.7116e+01	1.4567e+00	2.0000e+01
1.7116e+01	1.4567e+00	2.0000e+01
1.7134e+01	1.4553e+00	2.0000e+01
1.7134e+01	1.4553e+00	2.0000e+01
1.7153e+01	1.4537e+00	2.0000e+01
1.7153e+01	1.4537e+00	2.0000e+01
1.7284e+01	1.4433e+00	2.0000e+01
1.7284e+01	1.4433e+00	2.0000e+01
1.7409e+01	1.4335e+00	2.0000e+01
1.7409e+01	1.4335e+00	2.0000e+01
1.7427e+01	1.4307e+00	2.0000e+01
1.7427e+01	1.4307e+00	2.0000e+01
1.7436e+01	1.4292e+00	2.0000e+01
1.7436e+01	1.4292e+00	2.0000e+01
1.7464e+01	1.4248e+00	2.0000e+01
1.7464e+01	1.4248e+00	2.0000e+01
1.7527e+01	1.4146e+00	2.0000e+01
1.7527e+01	1.4146e+00	2.0000e+01
1.7587e+01	1.4051e+00	2.0000e+01
1.7587e+01	1.4051e+00	2.0000e+01
1.7627e+01	1.3987e+00	2.0000e+01
1.7627e+01	1.3987e+00	2.0000e+01
1.7708e+01	1.3862e+00	2.0000e+01
1.7708e+01	1.3862e+00	2.0000e+01
1.7723e+01	1.3826e+00	2.0000e+01
1.7723e+01	1.3826e+00	2.0000e+01
1.7728e+01	1.3814e+00	2.0000e+01
1.7728e+01	1.3814e+00	2.0000e+01
1.7738e+01	1.3790e+00	2.0000e+01
1.7738e+01	1.3790e+00	2.0000e+01
1.7798e+01	1.3651e+00	2.0000e+01
1.7798e+01	1.3651e+00	2.0000e+01
1.7829e+01	1.3581e+00	2.0000e+01
1.7829e+01	1.3581e+00	2.0000e+01
1.7874e+01	1.3477e+00	2.0000e+01
1.7874e+01	1.3477e+00	2.0000e+01
1.7889e+01	1.3444e+00	2.0000e+01
1.7889e+01	1.3444e+00	2.0000e+01
1.7929e+01	1.3352e+00	2.0000e+01
1.7929e+01	1.3352e+00	2.0000e+01
1.7949e+01	1.3306e+00	2.0000e+01
1.7949e+01	1.3306e+00	2.0000e+01
1.8012e+01	1.3167e+00	2.0000e+01
1.8012e+01	1.3167e+00	2.0000e+01
1.8023e+01	1.3135e+00	2.0000e+01
1.8023e+01	1.3135e+00	2.0000e+01
1.8025e+01	1.3127e+00	2.0000e+01
1.8025e+01	1.3127e+00	2.0000e+01
1.8030e+01	1.3114e+00	2.0000e+01
1.8030e+01	1.3114e+00	2.0000e+01
1.8084e+01	1.2958e+00	2.0000e+01
1.8084e+01	1.2958e+00	2.0000e+01
1.8102e+01	1.2906e+00	2.0000e+01
1.8102e+01	1.2906e+00	2.0000e+01
1.8133e+01	1.2820e+00	2.0000e+01
1.8133e+01	1.2820e+00	2.0000e+01
1.8146e+01	1.2783e+00	2.0000e+01
1.8146e+01	1.2783e+00	2.0000e+01
1.8179e+01	1.2688e+00	2.0000e+01
1.8179e+01	1.2688e+00	2.0000e+01
1.8207e+01	1.2609e+00	2.0000e+01
1.8207e+01	1.2609e+00	2.0000e+01
1.8234e+01	1.2533e+00	2.0000e+01
1.8234e+01	1.2533e+00	2.0000e+01
1.8256e+01	1.2474e+00	2.0000e+01
1.8256e+01	1.2474e+00	2.0000e+01
1.8268e+01	1.2439e+00	2.0000e+01
1.8268e+01	1.2439e+00	2.0000e+01
1.8321e+01	1.2294e+00	2.0000e+01
1.8321e+01	1.2294e+00	2.0000e+01
1.8328e+01	1.2269e+00	2.0000e+01
1.8328e+01	1.2269e+00	2.0000e+01
1.8330e+01	1.2264e+00	2.0000e+01
1.8330e+01	1.2264e+00	2.0000e+01
1.8332e+01	1.2256e+00	2.0000e+01
1.8332e+01	1.2256e+00	2.0000e+01
1.8382e+01	1.2097e+00	2.0000e+01
1.8382e+01	1.2097e+00	2.0000e+01
1.8394e+01	1.2057e+00	2.0000e+01
1.8394e+01	1.2057e+00	2.0000e+01
1.8413e+01	1.1996e+00	2.0000e+01
1.8413e+01	1.1996e+00	2.0000e+01
1.8435e+01	1.1928e+00	2.0000e+01
1.8435e+01	1.1928e+00	2.0000e+01
1.8458e+01	1.1854e+00	2.0000e+01
1.8458e+01	1.1854e+00	2.0000e+01
1.8488e+01	1.1760e+00	2.0000e+01
1.8488e+01	1.1760e+00	2.0000e+01
1.8493e+01	1.1743e+00	2.0000e+01
1.8493e+01	1.1743e+00	2.0000e+01
1.8522e+01	1.1654e+00	2.0000e+01
1.8522e+01	1.1654e+00	2.0000e+01
1.8541e+01	1.1595e+00	2.0000e+01
1.8541e+01	1.1595e+00	2.0000e+01
1.8573e+01	1.1496e+00	2.0000e+01
1.8573e+01	1.1496e+00	2.0000e+01
1.8585e+01	1.1457e+00	2.0000e+01
1.8585e+01	1.1457e+00	2.0000e+01
1.8593e+01	1.1432e+00	2.0000e+01
1.8593e+01	1.1432e+00	2.0000e+01
1.8635e+01	1.1304e+00	2.0000e+01
1.8635e+01	1.1304e+00	2.0000e+01
1.8645e+01	1.1270e+00	2.0000e+01
1.8645e+01	1.1270e+00	2.0000e+01
1.8647e+01	1.1264e+00	2.0000e+01
1.8647e+01	1.1264e+00	2.0000e+01
1.8650e+01	1.1255e+00	2.0000e+01
1.8650e+01	1.1255e+00	2.0000e+01
1.8694e+01	1.1109e+00	2.0000e+01
1.8694e+01	1.1109e+00	2.0000e+01
1.8705e+01	1.1074e+00	2.0000e+01
1.8705e+01	1.1074e+00	2.0000e+01
1.8720e+01	1.1024e+00	2.0000e+01
1.8720e+01	1.1024e+00	2.0000e+01
1.8743e+01	1.0951e+00	2.0000e+01
1.8743e+01	1.0951e+00	2.0000e+01
1.8762e+01	1.0887e+00	2.0000e+01
1.8762e+01	1.0887e+00	2.0000e+01
1.8790e+01	1.0797e+00	2.0000e+01
1.8790e+01	1.0797e+00	2.0000e+01
1.8791e+01	1.0794e+00	2.0000e+01
1.8791e+01	1.0794e+00	2.0000e+01
1.8819e+01	1.0704e+00	2.0000e+01
1.8819e+01	1.0704e+00	2.0000e+01
1.8839e+01	1.0639e+00	2.0000e+01
1.8839e+01	1.0639e+00	2.0000e+01
1.8859e+01	1.0577e+00	2.0000e+01
1.8859e+01	1.0577e+00	2.0000e+01
1.8876e+01	1.0523e+00	2.0000e+01
1.8876e+01	1.0523e+00	2.0000e+01
1.8887e+01	1.0486e+00	2.0000e+01
1.8887e+01	1.0486e+00	2.0000e+01
1.8927e+01	1.0361e+00	2.0000e+01
1.8927e+01	1.0361e+00	2.0000e+01
1.8932e+01	1.0346e+00	2.0000e+01
1.8932e+01	1.0346e+00	2.0000e+01
1.8935e+01	1.0336e+00	2.0000e+01
1.8935e+01	1.0336e+00	2.0000e+01
1.8954e+01	1.0275e+00	2.0000e+01
1.8954e+01	1.0275e+00	2.0000e+01
1.8983e+01	1.0187e+00	2.0000e+01
1.8983e+01	1.0187e+00	2.0000e+01
1.8988e+01	1.0172e+00	2.0000e+01
1.8988e+01	1.0172e+00	2.0000e+01
1.8995e+01	1.0150e+00	2.0000e+01
1.8995e+01	1.0150e+00	2.0000e+01
1.9031e+01	1.0040e+00	2.0000e+01
1.9031e+01	1.0040e+00	2.0000e+01
1.9044e+01	1.0000e+00	2.0000e+01
2.2527e+01	1.0000e+00	2.0000e+01
2.2559e+01	1.0040e+00	2.0000e+01
2.2559e+01	1.0040e+00	2.0000e+01
2.2611e+01	1.0107e+00	2.0000e+01
2.2611e+01	1.0107e+00	2.0000e+01
2.2661e+01	1.0172e+00	2.0000e+01
2.2661e+01	1.0172e+00	2.0000e+01
2.2712e+01	1.0235e+00	2.0000e+01
2.2712e+01	1.0235e+00	2.0000e+01
2.2770e+01	1.0308e+00	2.0000e+01
2.2770e+01	1.0308e+00	2.0000e+01
2.2800e+01	1.0346e+00	2.0000e+01
2.2800e+01	1.0346e+00	2.0000e+01
2.2814e+01	1.0364e+00	2.0000e+01
2.2814e+01	1.0364e+00	2.0000e+01
2.2853e+01	1.0412e+00	2.0000e+01
2.2853e+01	1.0412e+00	2.0000e+01
2.2957e+01	1.0476e+00	2.0000e+01
2.2957e+01	1.0476e+00	2.0000e+01
2.3035e+01	1.0523e+00	2.0000e+01
2.3035e+01	1.0523e+00	2.0000e+01
2.3126e+01	1.0578e+00	2.0000e+01
2.3126e+01	1.0578e+00	2.0000e+01
2.3245e+01	1.0648e+00	2.0000e+01
2.3245e+01	1.0648e+00	2.0000e+01
2.3433e+01	1.0609e+00	2.0000e+01
2.3433e+01	1.0609e+00	2.0000e+01
2.3471e+01	1.0601e+00	2.0000e+01
2.3471e+01	1.0601e+00	2.0000e+01
2.3644e+01	1.0566e+00	2.0000e+01
2.3644e+01	1.0566e+00	2.0000e+01
2.3673e+01	1.0536e+00	2.0000e+01
2.3673e+01	1.0536e+00	2.0000e+01
2.3685e+01	1.0523e+00	2.0000e+01
2.3685e+01	1.0523e+00	2.0000e+01
2.3716e+01	1.0492e+00	2.0000e+01
2.3716e+01	1.0492e+00	2.0000e+01
2.3793e+01	1.0411e+00	2.0000e+01
2.3793e+01	1.0411e+00	2.0000e+01
2.3858e+01	1.0346e+00	2.0000e+01
2.3858e+01	1.0346e+00	2.0000e+01
2.3914e+01	1.0288e+00	2.0000e+01
2.3914e+01	1.0288e+00	2.0000e+01
2.4017e+01	1.0185e+00	2.0000e+01
2.4017e+01	1.0185e+00	2.0000e+01
2.4031e+01	1.0172e+00	2.0000e+01
2.4031e+01	1.0172e+00	2.0000e+01
2.4036e+01	1.0166e+00	2.0000e+01
2.4036e+01	1.0166e+00	2.0000e+01
2.4050e+01	1.0153e+00	2.0000e+01
2.4050e+01	1.0153e+00	2.0000e+01
2.4120e+01	1.0029e+00	2.0000e+01
2.4120e+01	1.0029e+00	2.0000e+01
2.4137e+01	1.0000e+00	2.0000e+01
