     X	             Y	             Z
1.0000e+00	5.7925e+00	1.0000e+01
1.0020e+00	5.7755e+00	1.0000e+01
1.0020e+00	5.7755e+00	1.0000e+01
1.0034e+00	5.7639e+00	1.0000e+01
1.0034e+00	5.7639e+00	1.0000e+01
1.0089e+00	5.7173e+00	1.0000e+01
1.0089e+00	5.7173e+00	1.0000e+01
1.0106e+00	5.7033e+00	1.0000e+01
1.0106e+00	5.7033e+00	1.0000e+01
1.0151e+00	5.6667e+00	1.0000e+01
1.0151e+00	5.6667e+00	1.0000e+01
1.0159e+00	5.6599e+00	1.0000e+01
1.0159e+00	5.6599e+00	1.0000e+01
1.0172e+00	5.6499e+00	1.0000e+01
1.0172e+00	5.6499e+00	1.0000e+01
1.0229e+00	5.6029e+00	1.0000e+01
1.0229e+00	5.6029e+00	1.0000e+01
1.0269e+00	5.5712e+00	1.0000e+01
1.0269e+00	5.5712e+00	1.0000e+01
1.0300e+00	5.5465e+00	1.0000e+01
1.0300e+00	5.5465e+00	1.0000e+01
1.0346e+00	5.5109e+00	1.0000e+01
1.0346e+00	5.5109e+00	1.0000e+01
1.0372e+00	5.4908e+00	1.0000e+01
1.0372e+00	5.4908e+00	1.0000e+01
1.0389e+00	5.4772e+00	1.0000e+01
1.0389e+00	5.4772e+00	1.0000e+01
1.0443e+00	5.4356e+00	1.0000e+01
1.0443e+00	5.4356e+00	1.0000e+01
1.0484e+00	5.4051e+00	1.0000e+01
1.0484e+00	5.4051e+00	1.0000e+01
1.0511e+00	5.3849e+00	1.0000e+01
1.0511e+00	5.3849e+00	1.0000e+01
1.0516e+00	5.3811e+00	1.0000e+01
1.0516e+00	5.3811e+00	1.0000e+01
1.0523e+00	5.3756e+00	1.0000e+01
1.0523e+00	5.3756e+00	1.0000e+01
1.0589e+00	5.3269e+00	1.0000e+01
1.0589e+00	5.3269e+00	1.0000e+01
1.0634e+00	5.2941e+00	1.0000e+01
1.0634e+00	5.2941e+00	1.0000e+01
1.0662e+00	5.2735e+00	1.0000e+01
1.0662e+00	5.2735e+00	1.0000e+01
1.0704e+00	5.2437e+00	1.0000e+01
1.0704e+00	5.2437e+00	1.0000e+01
1.0736e+00	5.2206e+00	1.0000e+01
1.0736e+00	5.2206e+00	1.0000e+01
1.0759e+00	5.2048e+00	1.0000e+01
1.0759e+00	5.2048e+00	1.0000e+01
1.0811e+00	5.1682e+00	1.0000e+01
1.0811e+00	5.1682e+00	1.0000e+01
1.0881e+00	5.1199e+00	1.0000e+01
1.0881e+00	5.1199e+00	1.0000e+01
1.0886e+00	5.1170e+00	1.0000e+01
1.0886e+00	5.1170e+00	1.0000e+01
1.0886e+00	5.1165e+00	1.0000e+01
1.0886e+00	5.1165e+00	1.0000e+01
1.0887e+00	5.1157e+00	1.0000e+01
1.0887e+00	5.1157e+00	1.0000e+01
1.0962e+00	5.0651e+00	1.0000e+01
1.0962e+00	5.0651e+00	1.0000e+01
1.1014e+00	5.0307e+00	1.0000e+01
1.1014e+00	5.0307e+00	1.0000e+01
1.1038e+00	5.0144e+00	1.0000e+01
1.1038e+00	5.0144e+00	1.0000e+01
1.1074e+00	4.9909e+00	1.0000e+01
1.1074e+00	4.9909e+00	1.0000e+01
1.1115e+00	4.9642e+00	1.0000e+01
1.1115e+00	4.9642e+00	1.0000e+01
1.1144e+00	4.9459e+00	1.0000e+01
1.1144e+00	4.9459e+00	1.0000e+01
1.1193e+00	4.9146e+00	1.0000e+01
1.1193e+00	4.9146e+00	1.0000e+01
1.1264e+00	4.8699e+00	1.0000e+01
1.1264e+00	4.8699e+00	1.0000e+01
1.1271e+00	4.8655e+00	1.0000e+01
1.1271e+00	4.8655e+00	1.0000e+01
1.1276e+00	4.8625e+00	1.0000e+01
1.1276e+00	4.8625e+00	1.0000e+01
1.1303e+00	4.8458e+00	1.0000e+01
1.1303e+00	4.8458e+00	1.0000e+01
1.1350e+00	4.8169e+00	1.0000e+01
1.1350e+00	4.8169e+00	1.0000e+01
1.1410e+00	4.7805e+00	1.0000e+01
1.1410e+00	4.7805e+00	1.0000e+01
1.1429e+00	4.7689e+00	1.0000e+01
1.1429e+00	4.7689e+00	1.0000e+01
1.1457e+00	4.7522e+00	1.0000e+01
1.1457e+00	4.7522e+00	1.0000e+01
1.1509e+00	4.7213e+00	1.0000e+01
1.1509e+00	4.7213e+00	1.0000e+01
1.1546e+00	4.6999e+00	1.0000e+01
1.1546e+00	4.6999e+00	1.0000e+01
1.1590e+00	4.6743e+00	1.0000e+01
1.1590e+00	4.6743e+00	1.0000e+01
1.1654e+00	4.6381e+00	1.0000e+01
1.1654e+00	4.6381e+00	1.0000e+01
1.1672e+00	4.6278e+00	1.0000e+01
1.1672e+00	4.6278e+00	1.0000e+01
1.1685e+00	4.6207e+00	1.0000e+01
1.1685e+00	4.6207e+00	1.0000e+01
1.1754e+00	4.5818e+00	1.0000e+01
1.1754e+00	4.5818e+00	1.0000e+01
1.1758e+00	4.5799e+00	1.0000e+01
1.1758e+00	4.5799e+00	1.0000e+01
1.1826e+00	4.5428e+00	1.0000e+01
1.1826e+00	4.5428e+00	1.0000e+01
1.1837e+00	4.5364e+00	1.0000e+01
1.1837e+00	4.5364e+00	1.0000e+01
1.1854e+00	4.5274e+00	1.0000e+01
1.1854e+00	4.5274e+00	1.0000e+01
1.1921e+00	4.4914e+00	1.0000e+01
1.1921e+00	4.4914e+00	1.0000e+01
1.1969e+00	4.4662e+00	1.0000e+01
1.1969e+00	4.4662e+00	1.0000e+01
1.2005e+00	4.4469e+00	1.0000e+01
1.2005e+00	4.4469e+00	1.0000e+01
1.2057e+00	4.4201e+00	1.0000e+01
1.2057e+00	4.4201e+00	1.0000e+01
1.2090e+00	4.4030e+00	1.0000e+01
1.2090e+00	4.4030e+00	1.0000e+01
1.2115e+00	4.3908e+00	1.0000e+01
1.2115e+00	4.3908e+00	1.0000e+01
1.2176e+00	4.3595e+00	1.0000e+01
1.2176e+00	4.3595e+00	1.0000e+01
1.2261e+00	4.3177e+00	1.0000e+01
1.2261e+00	4.3177e+00	1.0000e+01
1.2263e+00	4.3168e+00	1.0000e+01
1.2263e+00	4.3168e+00	1.0000e+01
1.2263e+00	4.3167e+00	1.0000e+01
1.2263e+00	4.3167e+00	1.0000e+01
1.2264e+00	4.3164e+00	1.0000e+01
1.2264e+00	4.3164e+00	1.0000e+01
1.2351e+00	4.2741e+00	1.0000e+01
1.2351e+00	4.2741e+00	1.0000e+01
1.2415e+00	4.2440e+00	1.0000e+01
1.2415e+00	4.2440e+00	1.0000e+01
1.2439e+00	4.2322e+00	1.0000e+01
1.2439e+00	4.2322e+00	1.0000e+01
1.2474e+00	4.2159e+00	1.0000e+01
1.2474e+00	4.2159e+00	1.0000e+01
1.2529e+00	4.1907e+00	1.0000e+01
1.2529e+00	4.1907e+00	1.0000e+01
1.2569e+00	4.1724e+00	1.0000e+01
1.2569e+00	4.1724e+00	1.0000e+01
1.2619e+00	4.1497e+00	1.0000e+01
1.2619e+00	4.1497e+00	1.0000e+01
1.2688e+00	4.1189e+00	1.0000e+01
1.2688e+00	4.1189e+00	1.0000e+01
1.2710e+00	4.1092e+00	1.0000e+01
1.2710e+00	4.1092e+00	1.0000e+01
1.2727e+00	4.1021e+00	1.0000e+01
1.2727e+00	4.1021e+00	1.0000e+01
1.2802e+00	4.0692e+00	1.0000e+01
1.2802e+00	4.0692e+00	1.0000e+01
1.2836e+00	4.0550e+00	1.0000e+01
1.2836e+00	4.0550e+00	1.0000e+01
1.2888e+00	4.0329e+00	1.0000e+01
1.2888e+00	4.0329e+00	1.0000e+01
1.2895e+00	4.0297e+00	1.0000e+01
1.2895e+00	4.0297e+00	1.0000e+01
1.2906e+00	4.0253e+00	1.0000e+01
1.2906e+00	4.0253e+00	1.0000e+01
1.2989e+00	3.9906e+00	1.0000e+01
1.2989e+00	3.9906e+00	1.0000e+01
1.3053e+00	3.9649e+00	1.0000e+01
1.3053e+00	3.9649e+00	1.0000e+01
1.3084e+00	3.9520e+00	1.0000e+01
1.3084e+00	3.9520e+00	1.0000e+01
1.3127e+00	3.9349e+00	1.0000e+01
1.3127e+00	3.9349e+00	1.0000e+01
1.3180e+00	3.9139e+00	1.0000e+01
1.3180e+00	3.9139e+00	1.0000e+01
1.3222e+00	3.8981e+00	1.0000e+01
1.3222e+00	3.8981e+00	1.0000e+01
1.3278e+00	3.8763e+00	1.0000e+01
1.3278e+00	3.8763e+00	1.0000e+01
1.3352e+00	3.8480e+00	1.0000e+01
1.3352e+00	3.8480e+00	1.0000e+01
1.3376e+00	3.8391e+00	1.0000e+01
1.3376e+00	3.8391e+00	1.0000e+01
1.3395e+00	3.8323e+00	1.0000e+01
1.3395e+00	3.8323e+00	1.0000e+01
1.3475e+00	3.8025e+00	1.0000e+01
1.3475e+00	3.8025e+00	1.0000e+01
1.3540e+00	3.7791e+00	1.0000e+01
1.3540e+00	3.7791e+00	1.0000e+01
1.3572e+00	3.7677e+00	1.0000e+01
1.3572e+00	3.7677e+00	1.0000e+01
1.3576e+00	3.7663e+00	1.0000e+01
1.3576e+00	3.7663e+00	1.0000e+01
1.3581e+00	3.7645e+00	1.0000e+01
1.3581e+00	3.7645e+00	1.0000e+01
1.3678e+00	3.7305e+00	1.0000e+01
1.3678e+00	3.7305e+00	1.0000e+01
1.3755e+00	3.7042e+00	1.0000e+01
1.3755e+00	3.7042e+00	1.0000e+01
1.3781e+00	3.6953e+00	1.0000e+01
1.3781e+00	3.6953e+00	1.0000e+01
1.3814e+00	3.6840e+00	1.0000e+01
1.3814e+00	3.6840e+00	1.0000e+01
1.3885e+00	3.6605e+00	1.0000e+01
1.3885e+00	3.6605e+00	1.0000e+01
1.3943e+00	3.6417e+00	1.0000e+01
1.3943e+00	3.6417e+00	1.0000e+01
1.3991e+00	3.6261e+00	1.0000e+01
1.3991e+00	3.6261e+00	1.0000e+01
1.4051e+00	3.6070e+00	1.0000e+01
1.4051e+00	3.6070e+00	1.0000e+01
1.4098e+00	3.5923e+00	1.0000e+01
1.4098e+00	3.5923e+00	1.0000e+01
1.4137e+00	3.5803e+00	1.0000e+01
1.4137e+00	3.5803e+00	1.0000e+01
1.4207e+00	3.5589e+00	1.0000e+01
1.4207e+00	3.5589e+00	1.0000e+01
1.4292e+00	3.5333e+00	1.0000e+01
1.4292e+00	3.5333e+00	1.0000e+01
1.4317e+00	3.5260e+00	1.0000e+01
1.4317e+00	3.5260e+00	1.0000e+01
1.4338e+00	3.5199e+00	1.0000e+01
1.4338e+00	3.5199e+00	1.0000e+01
1.4429e+00	3.4936e+00	1.0000e+01
1.4429e+00	3.4936e+00	1.0000e+01
1.4537e+00	3.4630e+00	1.0000e+01
1.4537e+00	3.4630e+00	1.0000e+01
1.4542e+00	3.4617e+00	1.0000e+01
1.4542e+00	3.4617e+00	1.0000e+01
1.4546e+00	3.4606e+00	1.0000e+01
1.4546e+00	3.4606e+00	1.0000e+01
1.4600e+00	3.4457e+00	1.0000e+01
1.4600e+00	3.4457e+00	1.0000e+01
1.4657e+00	3.4302e+00	1.0000e+01
1.4657e+00	3.4302e+00	1.0000e+01
1.4762e+00	3.4022e+00	1.0000e+01
1.4762e+00	3.4022e+00	1.0000e+01
1.4773e+00	3.3992e+00	1.0000e+01
1.4773e+00	3.3992e+00	1.0000e+01
1.4787e+00	3.3957e+00	1.0000e+01
1.4787e+00	3.3957e+00	1.0000e+01
1.4892e+00	3.3687e+00	1.0000e+01
1.4892e+00	3.3687e+00	1.0000e+01
1.4987e+00	3.3449e+00	1.0000e+01
1.4987e+00	3.3449e+00	1.0000e+01
1.5012e+00	3.3386e+00	1.0000e+01
1.5012e+00	3.3386e+00	1.0000e+01
1.5040e+00	3.3317e+00	1.0000e+01
1.5040e+00	3.3317e+00	1.0000e+01
1.5135e+00	3.3091e+00	1.0000e+01
1.5135e+00	3.3091e+00	1.0000e+01
1.5223e+00	3.2885e+00	1.0000e+01
1.5223e+00	3.2885e+00	1.0000e+01
1.5259e+00	3.2800e+00	1.0000e+01
1.5259e+00	3.2800e+00	1.0000e+01
1.5298e+00	3.2710e+00	1.0000e+01
1.5298e+00	3.2710e+00	1.0000e+01
1.5386e+00	3.2515e+00	1.0000e+01
1.5386e+00	3.2515e+00	1.0000e+01
1.5471e+00	3.2330e+00	1.0000e+01
1.5471e+00	3.2330e+00	1.0000e+01
1.5514e+00	3.2234e+00	1.0000e+01
1.5514e+00	3.2234e+00	1.0000e+01
1.5561e+00	3.2135e+00	1.0000e+01
1.5561e+00	3.2135e+00	1.0000e+01
1.5646e+00	3.1959e+00	1.0000e+01
1.5646e+00	3.1959e+00	1.0000e+01
1.5732e+00	3.1785e+00	1.0000e+01
1.5732e+00	3.1785e+00	1.0000e+01
1.5779e+00	3.1688e+00	1.0000e+01
1.5779e+00	3.1688e+00	1.0000e+01
1.5827e+00	3.1592e+00	1.0000e+01
1.5827e+00	3.1592e+00	1.0000e+01
1.5915e+00	3.1423e+00	1.0000e+01
1.5915e+00	3.1423e+00	1.0000e+01
1.6009e+00	3.1249e+00	1.0000e+01
1.6009e+00	3.1249e+00	1.0000e+01
1.6054e+00	3.1163e+00	1.0000e+01
1.6054e+00	3.1163e+00	1.0000e+01
1.6099e+00	3.1081e+00	1.0000e+01
1.6099e+00	3.1081e+00	1.0000e+01
1.6196e+00	3.0908e+00	1.0000e+01
1.6196e+00	3.0908e+00	1.0000e+01
1.6305e+00	3.0722e+00	1.0000e+01
1.6305e+00	3.0722e+00	1.0000e+01
1.6341e+00	3.0659e+00	1.0000e+01
1.6341e+00	3.0659e+00	1.0000e+01
1.6375e+00	3.0601e+00	1.0000e+01
1.6375e+00	3.0601e+00	1.0000e+01
1.6490e+00	3.0415e+00	1.0000e+01
1.6490e+00	3.0415e+00	1.0000e+01
1.6624e+00	3.0204e+00	1.0000e+01
1.6624e+00	3.0204e+00	1.0000e+01
1.6641e+00	3.0177e+00	1.0000e+01
1.6641e+00	3.0177e+00	1.0000e+01
1.6656e+00	3.0154e+00	1.0000e+01
1.6656e+00	3.0154e+00	1.0000e+01
1.6796e+00	2.9945e+00	1.0000e+01
1.6796e+00	2.9945e+00	1.0000e+01
1.6814e+00	2.9920e+00	1.0000e+01
1.6814e+00	2.9920e+00	1.0000e+01
1.6942e+00	2.9737e+00	1.0000e+01
1.6942e+00	2.9737e+00	1.0000e+01
1.6955e+00	2.9719e+00	1.0000e+01
1.6955e+00	2.9719e+00	1.0000e+01
1.6973e+00	2.9695e+00	1.0000e+01
1.6973e+00	2.9695e+00	1.0000e+01
1.7119e+00	2.9499e+00	1.0000e+01
1.7119e+00	2.9499e+00	1.0000e+01
1.7232e+00	2.9351e+00	1.0000e+01
1.7232e+00	2.9351e+00	1.0000e+01
1.7286e+00	2.9285e+00	1.0000e+01
1.7286e+00	2.9285e+00	1.0000e+01
1.7362e+00	2.9194e+00	1.0000e+01
1.7362e+00	2.9194e+00	1.0000e+01
1.7458e+00	2.9078e+00	1.0000e+01
1.7458e+00	2.9078e+00	1.0000e+01
1.7528e+00	2.8996e+00	1.0000e+01
1.7528e+00	2.8996e+00	1.0000e+01
1.7635e+00	2.8878e+00	1.0000e+01
1.7635e+00	2.8878e+00	1.0000e+01
1.7801e+00	2.8702e+00	1.0000e+01
1.7801e+00	2.8702e+00	1.0000e+01
1.7818e+00	2.8684e+00	1.0000e+01
1.7818e+00	2.8684e+00	1.0000e+01
1.7828e+00	2.8673e+00	1.0000e+01
1.7828e+00	2.8673e+00	1.0000e+01
1.7874e+00	2.8629e+00	1.0000e+01
1.7874e+00	2.8629e+00	1.0000e+01
1.8006e+00	2.8499e+00	1.0000e+01
1.8006e+00	2.8499e+00	1.0000e+01
1.8134e+00	2.8379e+00	1.0000e+01
1.8134e+00	2.8379e+00	1.0000e+01
1.8201e+00	2.8321e+00	1.0000e+01
1.8201e+00	2.8321e+00	1.0000e+01
1.8324e+00	2.8218e+00	1.0000e+01
1.8324e+00	2.8218e+00	1.0000e+01
1.8402e+00	2.8152e+00	1.0000e+01
1.8402e+00	2.8152e+00	1.0000e+01
1.8445e+00	2.8116e+00	1.0000e+01
1.8445e+00	2.8116e+00	1.0000e+01
1.8577e+00	2.8017e+00	1.0000e+01
1.8577e+00	2.8017e+00	1.0000e+01
1.8611e+00	2.7992e+00	1.0000e+01
1.8611e+00	2.7992e+00	1.0000e+01
1.8761e+00	2.7882e+00	1.0000e+01
1.8761e+00	2.7882e+00	1.0000e+01
1.8827e+00	2.7839e+00	1.0000e+01
1.8827e+00	2.7839e+00	1.0000e+01
1.8983e+00	2.7742e+00	1.0000e+01
1.8983e+00	2.7742e+00	1.0000e+01
1.9053e+00	2.7698e+00	1.0000e+01
1.9053e+00	2.7698e+00	1.0000e+01
1.9083e+00	2.7679e+00	1.0000e+01
1.9083e+00	2.7679e+00	1.0000e+01
1.9153e+00	2.7641e+00	1.0000e+01
1.9153e+00	2.7641e+00	1.0000e+01
1.9289e+00	2.7568e+00	1.0000e+01
1.9289e+00	2.7568e+00	1.0000e+01
1.9411e+00	2.7504e+00	1.0000e+01
1.9411e+00	2.7504e+00	1.0000e+01
1.9535e+00	2.7448e+00	1.0000e+01
1.9535e+00	2.7448e+00	1.0000e+01
1.9655e+00	2.7397e+00	1.0000e+01
1.9655e+00	2.7397e+00	1.0000e+01
1.9744e+00	2.7359e+00	1.0000e+01
1.9744e+00	2.7359e+00	1.0000e+01
1.9792e+00	2.7341e+00	1.0000e+01
1.9792e+00	2.7341e+00	1.0000e+01
1.9987e+00	2.7274e+00	1.0000e+01
1.9987e+00	2.7274e+00	1.0000e+01
2.0063e+00	2.7248e+00	1.0000e+01
2.0063e+00	2.7248e+00	1.0000e+01
2.0082e+00	2.7242e+00	1.0000e+01
2.0082e+00	2.7242e+00	1.0000e+01
2.0112e+00	2.7234e+00	1.0000e+01
2.0112e+00	2.7234e+00	1.0000e+01
2.0349e+00	2.7171e+00	1.0000e+01
2.0349e+00	2.7171e+00	1.0000e+01
2.0427e+00	2.7152e+00	1.0000e+01
2.0427e+00	2.7152e+00	1.0000e+01
2.0532e+00	2.7133e+00	1.0000e+01
2.0532e+00	2.7133e+00	1.0000e+01
2.0653e+00	2.7111e+00	1.0000e+01
2.0653e+00	2.7111e+00	1.0000e+01
2.0777e+00	2.7090e+00	1.0000e+01
2.0777e+00	2.7090e+00	1.0000e+01
2.0929e+00	2.7076e+00	1.0000e+01
2.0929e+00	2.7076e+00	1.0000e+01
2.0976e+00	2.7071e+00	1.0000e+01
2.0976e+00	2.7071e+00	1.0000e+01
2.1133e+00	2.7056e+00	1.0000e+01
2.1133e+00	2.7056e+00	1.0000e+01
2.1307e+00	2.7052e+00	1.0000e+01
2.1307e+00	2.7052e+00	1.0000e+01
2.1320e+00	2.7052e+00	1.0000e+01
2.1320e+00	2.7052e+00	1.0000e+01
2.1496e+00	2.7048e+00	1.0000e+01
2.1496e+00	2.7048e+00	1.0000e+01
2.1669e+00	2.7056e+00	1.0000e+01
2.1669e+00	2.7056e+00	1.0000e+01
2.1691e+00	2.7057e+00	1.0000e+01
2.1691e+00	2.7057e+00	1.0000e+01
2.1864e+00	2.7066e+00	1.0000e+01
2.1864e+00	2.7066e+00	1.0000e+01
2.2018e+00	2.7084e+00	1.0000e+01
2.2018e+00	2.7084e+00	1.0000e+01
2.2091e+00	2.7092e+00	1.0000e+01
2.2091e+00	2.7092e+00	1.0000e+01
2.2239e+00	2.7109e+00	1.0000e+01
2.2239e+00	2.7109e+00	1.0000e+01
2.2357e+00	2.7131e+00	1.0000e+01
2.2357e+00	2.7131e+00	1.0000e+01
2.2526e+00	2.7160e+00	1.0000e+01
2.2526e+00	2.7160e+00	1.0000e+01
2.2621e+00	2.7177e+00	1.0000e+01
2.2621e+00	2.7177e+00	1.0000e+01
2.2688e+00	2.7194e+00	1.0000e+01
2.2688e+00	2.7194e+00	1.0000e+01
2.3004e+00	2.7268e+00	1.0000e+01
2.3004e+00	2.7268e+00	1.0000e+01
2.3009e+00	2.7270e+00	1.0000e+01
2.3009e+00	2.7270e+00	1.0000e+01
2.3012e+00	2.7271e+00	1.0000e+01
2.3012e+00	2.7271e+00	1.0000e+01
2.3024e+00	2.7274e+00	1.0000e+01
2.3024e+00	2.7274e+00	1.0000e+01
2.3328e+00	2.7363e+00	1.0000e+01
2.3328e+00	2.7363e+00	1.0000e+01
2.3403e+00	2.7384e+00	1.0000e+01
2.3403e+00	2.7384e+00	1.0000e+01
2.3536e+00	2.7429e+00	1.0000e+01
2.3536e+00	2.7429e+00	1.0000e+01
2.3639e+00	2.7465e+00	1.0000e+01
2.3639e+00	2.7465e+00	1.0000e+01
2.3805e+00	2.7520e+00	1.0000e+01
2.3805e+00	2.7520e+00	1.0000e+01
2.3947e+00	2.7577e+00	1.0000e+01
2.3947e+00	2.7577e+00	1.0000e+01
2.4130e+00	2.7647e+00	1.0000e+01
2.4130e+00	2.7647e+00	1.0000e+01
2.4213e+00	2.7679e+00	1.0000e+01
2.4213e+00	2.7679e+00	1.0000e+01
2.4253e+00	2.7697e+00	1.0000e+01
2.4253e+00	2.7697e+00	1.0000e+01
2.4357e+00	2.7742e+00	1.0000e+01
2.4357e+00	2.7742e+00	1.0000e+01
2.4554e+00	2.7826e+00	1.0000e+01
2.4554e+00	2.7826e+00	1.0000e+01
2.4628e+00	2.7857e+00	1.0000e+01
2.4628e+00	2.7857e+00	1.0000e+01
2.4804e+00	2.7940e+00	1.0000e+01
2.4804e+00	2.7940e+00	1.0000e+01
2.4853e+00	2.7963e+00	1.0000e+01
2.4853e+00	2.7963e+00	1.0000e+01
2.5051e+00	2.8054e+00	1.0000e+01
2.5051e+00	2.8054e+00	1.0000e+01
2.5151e+00	2.8106e+00	1.0000e+01
2.5151e+00	2.8106e+00	1.0000e+01
2.5373e+00	2.8218e+00	1.0000e+01
2.5373e+00	2.8218e+00	1.0000e+01
2.5447e+00	2.8254e+00	1.0000e+01
2.5447e+00	2.8254e+00	1.0000e+01
2.5481e+00	2.8270e+00	1.0000e+01
2.5481e+00	2.8270e+00	1.0000e+01
2.5572e+00	2.8319e+00	1.0000e+01
2.5572e+00	2.8319e+00	1.0000e+01
2.5742e+00	2.8410e+00	1.0000e+01
2.5742e+00	2.8410e+00	1.0000e+01
2.5918e+00	2.8502e+00	1.0000e+01
2.5918e+00	2.8502e+00	1.0000e+01
2.6037e+00	2.8570e+00	1.0000e+01
2.6037e+00	2.8570e+00	1.0000e+01
2.6272e+00	2.8702e+00	1.0000e+01
2.6272e+00	2.8702e+00	1.0000e+01
2.6332e+00	2.8734e+00	1.0000e+01
2.6332e+00	2.8734e+00	1.0000e+01
2.6362e+00	2.8750e+00	1.0000e+01
2.6362e+00	2.8750e+00	1.0000e+01
2.6458e+00	2.8806e+00	1.0000e+01
2.6458e+00	2.8806e+00	1.0000e+01
2.6626e+00	2.8905e+00	1.0000e+01
2.6626e+00	2.8905e+00	1.0000e+01
2.6814e+00	2.9012e+00	1.0000e+01
2.6814e+00	2.9012e+00	1.0000e+01
2.6921e+00	2.9078e+00	1.0000e+01
2.6921e+00	2.9078e+00	1.0000e+01
2.7115e+00	2.9194e+00	1.0000e+01
2.7115e+00	2.9194e+00	1.0000e+01
2.7218e+00	2.9254e+00	1.0000e+01
2.7218e+00	2.9254e+00	1.0000e+01
2.7274e+00	2.9286e+00	1.0000e+01
2.7274e+00	2.9286e+00	1.0000e+01
2.7478e+00	2.9412e+00	1.0000e+01
2.7478e+00	2.9412e+00	1.0000e+01
2.7515e+00	2.9435e+00	1.0000e+01
2.7515e+00	2.9435e+00	1.0000e+01
2.7742e+00	2.9572e+00	1.0000e+01
2.7742e+00	2.9572e+00	1.0000e+01
2.7814e+00	2.9618e+00	1.0000e+01
2.7814e+00	2.9618e+00	1.0000e+01
2.7936e+00	2.9695e+00	1.0000e+01
2.7936e+00	2.9695e+00	1.0000e+01
2.8114e+00	2.9804e+00	1.0000e+01
2.8114e+00	2.9804e+00	1.0000e+01
2.8218e+00	2.9867e+00	1.0000e+01
2.8218e+00	2.9867e+00	1.0000e+01
2.8416e+00	2.9993e+00	1.0000e+01
2.8416e+00	2.9993e+00	1.0000e+01
2.8623e+00	3.0122e+00	1.0000e+01
2.8623e+00	3.0122e+00	1.0000e+01
2.8702e+00	3.0170e+00	1.0000e+01
2.8702e+00	3.0170e+00	1.0000e+01
2.8721e+00	3.0183e+00	1.0000e+01
2.8721e+00	3.0183e+00	1.0000e+01
2.8754e+00	3.0204e+00	1.0000e+01
2.8754e+00	3.0204e+00	1.0000e+01
2.9028e+00	3.0377e+00	1.0000e+01
2.9028e+00	3.0377e+00	1.0000e+01
2.9194e+00	3.0478e+00	1.0000e+01
2.9194e+00	3.0478e+00	1.0000e+01
2.9338e+00	3.0571e+00	1.0000e+01
2.9338e+00	3.0571e+00	1.0000e+01
2.9580e+00	3.0722e+00	1.0000e+01
2.9580e+00	3.0722e+00	1.0000e+01
2.9652e+00	3.0766e+00	1.0000e+01
2.9652e+00	3.0766e+00	1.0000e+01
2.9695e+00	3.0792e+00	1.0000e+01
2.9695e+00	3.0792e+00	1.0000e+01
2.9864e+00	3.0897e+00	1.0000e+01
2.9864e+00	3.0897e+00	1.0000e+01
2.9969e+00	3.0963e+00	1.0000e+01
2.9969e+00	3.0963e+00	1.0000e+01
3.0204e+00	3.1106e+00	1.0000e+01
3.0204e+00	3.1106e+00	1.0000e+01
3.0290e+00	3.1160e+00	1.0000e+01
3.0290e+00	3.1160e+00	1.0000e+01
3.0435e+00	3.1249e+00	1.0000e+01
3.0435e+00	3.1249e+00	1.0000e+01
3.0615e+00	3.1358e+00	1.0000e+01
3.0615e+00	3.1358e+00	1.0000e+01
3.0722e+00	3.1421e+00	1.0000e+01
3.0722e+00	3.1421e+00	1.0000e+01
3.0946e+00	3.1555e+00	1.0000e+01
3.0946e+00	3.1555e+00	1.0000e+01
3.1129e+00	3.1663e+00	1.0000e+01
3.1129e+00	3.1663e+00	1.0000e+01
3.1249e+00	3.1734e+00	1.0000e+01
3.1249e+00	3.1734e+00	1.0000e+01
3.1281e+00	3.1753e+00	1.0000e+01
3.1281e+00	3.1753e+00	1.0000e+01
3.1336e+00	3.1785e+00	1.0000e+01
3.1336e+00	3.1785e+00	1.0000e+01
3.1622e+00	3.1949e+00	1.0000e+01
3.1622e+00	3.1949e+00	1.0000e+01
3.1785e+00	3.2041e+00	1.0000e+01
3.1785e+00	3.2041e+00	1.0000e+01
3.1969e+00	3.2144e+00	1.0000e+01
3.1969e+00	3.2144e+00	1.0000e+01
3.2307e+00	3.2330e+00	1.0000e+01
3.2307e+00	3.2330e+00	1.0000e+01
3.2322e+00	3.2338e+00	1.0000e+01
3.2322e+00	3.2338e+00	1.0000e+01
3.2330e+00	3.2343e+00	1.0000e+01
3.2330e+00	3.2343e+00	1.0000e+01
3.2357e+00	3.2357e+00	1.0000e+01
3.2357e+00	3.2357e+00	1.0000e+01
3.2683e+00	3.2529e+00	1.0000e+01
3.2683e+00	3.2529e+00	1.0000e+01
3.2885e+00	3.2633e+00	1.0000e+01
3.2885e+00	3.2633e+00	1.0000e+01
3.3052e+00	3.2718e+00	1.0000e+01
3.3052e+00	3.2718e+00	1.0000e+01
3.3387e+00	3.2885e+00	1.0000e+01
3.3387e+00	3.2885e+00	1.0000e+01
3.3428e+00	3.2904e+00	1.0000e+01
3.3428e+00	3.2904e+00	1.0000e+01
3.3449e+00	3.2914e+00	1.0000e+01
3.3449e+00	3.2914e+00	1.0000e+01
3.3505e+00	3.2940e+00	1.0000e+01
3.3505e+00	3.2940e+00	1.0000e+01
3.3816e+00	3.3085e+00	1.0000e+01
3.3816e+00	3.3085e+00	1.0000e+01
3.4022e+00	3.3178e+00	1.0000e+01
3.4022e+00	3.3178e+00	1.0000e+01
3.4213e+00	3.3262e+00	1.0000e+01
3.4213e+00	3.3262e+00	1.0000e+01
3.4567e+00	3.3411e+00	1.0000e+01
3.4567e+00	3.3411e+00	1.0000e+01
3.4606e+00	3.3428e+00	1.0000e+01
3.4606e+00	3.3428e+00	1.0000e+01
3.4621e+00	3.3434e+00	1.0000e+01
3.4621e+00	3.3434e+00	1.0000e+01
3.4658e+00	3.3449e+00	1.0000e+01
3.4658e+00	3.3449e+00	1.0000e+01
3.5044e+00	3.3597e+00	1.0000e+01
3.5044e+00	3.3597e+00	1.0000e+01
3.5199e+00	3.3655e+00	1.0000e+01
3.5199e+00	3.3655e+00	1.0000e+01
3.5480e+00	3.3753e+00	1.0000e+01
3.5480e+00	3.3753e+00	1.0000e+01
3.5541e+00	3.3773e+00	1.0000e+01
3.5541e+00	3.3773e+00	1.0000e+01
3.5803e+00	3.3862e+00	1.0000e+01
3.5803e+00	3.3862e+00	1.0000e+01
3.5931e+00	3.3901e+00	1.0000e+01
3.5931e+00	3.3901e+00	1.0000e+01
3.6344e+00	3.4022e+00	1.0000e+01
3.6344e+00	3.4022e+00	1.0000e+01
3.6400e+00	3.4038e+00	1.0000e+01
3.6400e+00	3.4038e+00	1.0000e+01
3.6417e+00	3.4043e+00	1.0000e+01
3.6417e+00	3.4043e+00	1.0000e+01
3.6447e+00	3.4051e+00	1.0000e+01
3.6447e+00	3.4051e+00	1.0000e+01
3.6892e+00	3.4160e+00	1.0000e+01
3.6892e+00	3.4160e+00	1.0000e+01
3.7042e+00	3.4195e+00	1.0000e+01
3.7042e+00	3.4195e+00	1.0000e+01
3.7280e+00	3.4241e+00	1.0000e+01
3.7280e+00	3.4241e+00	1.0000e+01
3.7409e+00	3.4266e+00	1.0000e+01
3.7409e+00	3.4266e+00	1.0000e+01
3.7677e+00	3.4317e+00	1.0000e+01
3.7677e+00	3.4317e+00	1.0000e+01
3.7952e+00	3.4355e+00	1.0000e+01
3.7952e+00	3.4355e+00	1.0000e+01
3.8061e+00	3.4369e+00	1.0000e+01
3.8061e+00	3.4369e+00	1.0000e+01
3.8323e+00	3.4405e+00	1.0000e+01
3.8323e+00	3.4405e+00	1.0000e+01
3.8528e+00	3.4422e+00	1.0000e+01
3.8528e+00	3.4422e+00	1.0000e+01
3.8796e+00	3.4442e+00	1.0000e+01
3.8796e+00	3.4442e+00	1.0000e+01
3.8981e+00	3.4457e+00	1.0000e+01
3.8981e+00	3.4457e+00	1.0000e+01
6.8055e+00	1.1031e+00	1.0000e+01
6.8055e+00	1.1031e+00	1.0000e+01
6.7861e+00	1.1188e+00	1.0000e+01
6.7861e+00	1.1188e+00	1.0000e+01
6.7920e+00	1.1140e+00	1.0000e+01
6.7920e+00	1.1140e+00	1.0000e+01
6.8002e+00	1.1074e+00	1.0000e+01
6.8002e+00	1.1074e+00	1.0000e+01
6.8212e+00	1.0905e+00	1.0000e+01
6.8212e+00	1.0905e+00	1.0000e+01
6.8249e+00	1.0876e+00	1.0000e+01
6.8249e+00	1.0876e+00	1.0000e+01
6.7768e+00	1.1264e+00	1.0000e+01
6.7768e+00	1.1264e+00	1.0000e+01
6.8234e+00	1.0887e+00	1.0000e+01
6.8234e+00	1.0887e+00	1.0000e+01
6.7666e+00	1.1347e+00	1.0000e+01
6.7666e+00	1.1347e+00	1.0000e+01
6.8324e+00	1.0816e+00	1.0000e+01
6.8324e+00	1.0816e+00	1.0000e+01
6.7626e+00	1.1381e+00	1.0000e+01
6.7626e+00	1.1381e+00	1.0000e+01
6.7532e+00	1.1457e+00	1.0000e+01
6.7532e+00	1.1457e+00	1.0000e+01
6.7470e+00	1.1508e+00	1.0000e+01
6.7470e+00	1.1508e+00	1.0000e+01
6.8446e+00	1.0723e+00	1.0000e+01
6.8446e+00	1.0723e+00	1.0000e+01
6.7328e+00	1.1627e+00	1.0000e+01
6.7328e+00	1.1627e+00	1.0000e+01
6.8471e+00	1.0704e+00	1.0000e+01
6.8471e+00	1.0704e+00	1.0000e+01
6.7295e+00	1.1654e+00	1.0000e+01
6.7295e+00	1.1654e+00	1.0000e+01
6.7274e+00	1.1672e+00	1.0000e+01
6.7274e+00	1.1672e+00	1.0000e+01
6.8509e+00	1.0675e+00	1.0000e+01
6.8509e+00	1.0675e+00	1.0000e+01
6.7172e+00	1.1757e+00	1.0000e+01
6.7172e+00	1.1757e+00	1.0000e+01
6.8644e+00	1.0573e+00	1.0000e+01
6.8644e+00	1.0573e+00	1.0000e+01
6.7079e+00	1.1837e+00	1.0000e+01
6.7079e+00	1.1837e+00	1.0000e+01
6.7060e+00	1.1854e+00	1.0000e+01
6.7060e+00	1.1854e+00	1.0000e+01
6.7031e+00	1.1879e+00	1.0000e+01
6.7031e+00	1.1879e+00	1.0000e+01
6.8710e+00	1.0523e+00	1.0000e+01
6.8710e+00	1.0523e+00	1.0000e+01
6.8808e+00	1.0449e+00	1.0000e+01
6.8808e+00	1.0449e+00	1.0000e+01
6.8841e+00	1.0424e+00	1.0000e+01
6.8841e+00	1.0424e+00	1.0000e+01
6.6884e+00	1.2005e+00	1.0000e+01
6.6884e+00	1.2005e+00	1.0000e+01
6.6826e+00	1.2057e+00	1.0000e+01
6.6826e+00	1.2057e+00	1.0000e+01
6.8947e+00	1.0346e+00	1.0000e+01
6.8947e+00	1.0346e+00	1.0000e+01
6.6735e+00	1.2136e+00	1.0000e+01
6.6735e+00	1.2136e+00	1.0000e+01
6.9038e+00	1.0278e+00	1.0000e+01
6.9038e+00	1.0278e+00	1.0000e+01
6.6689e+00	1.2176e+00	1.0000e+01
6.6689e+00	1.2176e+00	1.0000e+01
6.9104e+00	1.0229e+00	1.0000e+01
6.9104e+00	1.0229e+00	1.0000e+01
6.9182e+00	1.0172e+00	1.0000e+01
6.9182e+00	1.0172e+00	1.0000e+01
6.6590e+00	1.2264e+00	1.0000e+01
6.6590e+00	1.2264e+00	1.0000e+01
6.9234e+00	1.0133e+00	1.0000e+01
6.9234e+00	1.0133e+00	1.0000e+01
6.6494e+00	1.2348e+00	1.0000e+01
6.6494e+00	1.2348e+00	1.0000e+01
6.6436e+00	1.2400e+00	1.0000e+01
6.6436e+00	1.2400e+00	1.0000e+01
6.9396e+00	1.0014e+00	1.0000e+01
6.9396e+00	1.0014e+00	1.0000e+01
6.9416e+00	1.0000e+00	1.0000e+01
6.6353e+00	1.2474e+00	1.0000e+01
6.6353e+00	1.2474e+00	1.0000e+01
6.6297e+00	1.2523e+00	1.0000e+01
6.6297e+00	1.2523e+00	1.0000e+01
6.6134e+00	1.2670e+00	1.0000e+01
6.6134e+00	1.2670e+00	1.0000e+01
6.6114e+00	1.2688e+00	1.0000e+01
6.6114e+00	1.2688e+00	1.0000e+01
6.6101e+00	1.2700e+00	1.0000e+01
6.6101e+00	1.2700e+00	1.0000e+01
6.6039e+00	1.2755e+00	1.0000e+01
6.6039e+00	1.2755e+00	1.0000e+01
6.5904e+00	1.2879e+00	1.0000e+01
6.5904e+00	1.2879e+00	1.0000e+01
6.5876e+00	1.2906e+00	1.0000e+01
6.5876e+00	1.2906e+00	1.0000e+01
6.5832e+00	1.2946e+00	1.0000e+01
6.5832e+00	1.2946e+00	1.0000e+01
6.5707e+00	1.3061e+00	1.0000e+01
6.5707e+00	1.3061e+00	1.0000e+01
6.5637e+00	1.3127e+00	1.0000e+01
6.5637e+00	1.3127e+00	1.0000e+01
3.9145e+00	3.4460e+00	1.0000e+01
3.9145e+00	3.4460e+00	1.0000e+01
6.5527e+00	1.3230e+00	1.0000e+01
6.5527e+00	1.3230e+00	1.0000e+01
6.5510e+00	1.3245e+00	1.0000e+01
6.5510e+00	1.3245e+00	1.0000e+01
6.5397e+00	1.3352e+00	1.0000e+01
6.5397e+00	1.3352e+00	1.0000e+01
6.5312e+00	1.3432e+00	1.0000e+01
6.5312e+00	1.3432e+00	1.0000e+01
6.5220e+00	1.3520e+00	1.0000e+01
6.5220e+00	1.3520e+00	1.0000e+01
6.5155e+00	1.3581e+00	1.0000e+01
6.5155e+00	1.3581e+00	1.0000e+01
6.5114e+00	1.3621e+00	1.0000e+01
6.5114e+00	1.3621e+00	1.0000e+01
6.4926e+00	1.3801e+00	1.0000e+01
6.4926e+00	1.3801e+00	1.0000e+01
6.4915e+00	1.3812e+00	1.0000e+01
6.4915e+00	1.3812e+00	1.0000e+01
6.4912e+00	1.3814e+00	1.0000e+01
6.4912e+00	1.3814e+00	1.0000e+01
6.4909e+00	1.3818e+00	1.0000e+01
6.4909e+00	1.3818e+00	1.0000e+01
6.4715e+00	1.4005e+00	1.0000e+01
6.4715e+00	1.4005e+00	1.0000e+01
6.4668e+00	1.4051e+00	1.0000e+01
6.4668e+00	1.4051e+00	1.0000e+01
6.4595e+00	1.4123e+00	1.0000e+01
6.4595e+00	1.4123e+00	1.0000e+01
6.4514e+00	1.4202e+00	1.0000e+01
6.4514e+00	1.4202e+00	1.0000e+01
6.4423e+00	1.4292e+00	1.0000e+01
6.4423e+00	1.4292e+00	1.0000e+01
6.4313e+00	1.4400e+00	1.0000e+01
6.4313e+00	1.4400e+00	1.0000e+01
6.4277e+00	1.4436e+00	1.0000e+01
6.4277e+00	1.4436e+00	1.0000e+01
6.4176e+00	1.4537e+00	1.0000e+01
6.4176e+00	1.4537e+00	1.0000e+01
6.4112e+00	1.4601e+00	1.0000e+01
6.4112e+00	1.4601e+00	1.0000e+01
6.3957e+00	1.4757e+00	1.0000e+01
6.3957e+00	1.4757e+00	1.0000e+01
6.3928e+00	1.4787e+00	1.0000e+01
6.3928e+00	1.4787e+00	1.0000e+01
6.3910e+00	1.4805e+00	1.0000e+01
6.3910e+00	1.4805e+00	1.0000e+01
6.3831e+00	1.4885e+00	1.0000e+01
6.3831e+00	1.4885e+00	1.0000e+01
6.3706e+00	1.5011e+00	1.0000e+01
6.3706e+00	1.5011e+00	1.0000e+01
6.3677e+00	1.5040e+00	1.0000e+01
6.3677e+00	1.5040e+00	1.0000e+01
6.3631e+00	1.5088e+00	1.0000e+01
6.3631e+00	1.5088e+00	1.0000e+01
6.3501e+00	1.5219e+00	1.0000e+01
6.3501e+00	1.5219e+00	1.0000e+01
6.3424e+00	1.5298e+00	1.0000e+01
6.3424e+00	1.5298e+00	1.0000e+01
6.3299e+00	1.5427e+00	1.0000e+01
6.3299e+00	1.5427e+00	1.0000e+01
6.3296e+00	1.5430e+00	1.0000e+01
6.3296e+00	1.5430e+00	1.0000e+01
6.3170e+00	1.5561e+00	1.0000e+01
6.3170e+00	1.5561e+00	1.0000e+01
6.3090e+00	1.5644e+00	1.0000e+01
6.3090e+00	1.5644e+00	1.0000e+01
6.2965e+00	1.5775e+00	1.0000e+01
6.2965e+00	1.5775e+00	1.0000e+01
6.2915e+00	1.5827e+00	1.0000e+01
6.2915e+00	1.5827e+00	1.0000e+01
3.9488e+00	3.4466e+00	1.0000e+01
3.9488e+00	3.4466e+00	1.0000e+01
6.2884e+00	1.5860e+00	1.0000e+01
6.2884e+00	1.5860e+00	1.0000e+01
6.2755e+00	1.5996e+00	1.0000e+01
6.2755e+00	1.5996e+00	1.0000e+01
6.2676e+00	1.6079e+00	1.0000e+01
6.2676e+00	1.6079e+00	1.0000e+01
6.2657e+00	1.6099e+00	1.0000e+01
6.2657e+00	1.6099e+00	1.0000e+01
6.2625e+00	1.6132e+00	1.0000e+01
6.2625e+00	1.6132e+00	1.0000e+01
6.2465e+00	1.6299e+00	1.0000e+01
6.2465e+00	1.6299e+00	1.0000e+01
6.2394e+00	1.6375e+00	1.0000e+01
6.2394e+00	1.6375e+00	1.0000e+01
6.2275e+00	1.6501e+00	1.0000e+01
6.2275e+00	1.6501e+00	1.0000e+01
6.2254e+00	1.6523e+00	1.0000e+01
6.2254e+00	1.6523e+00	1.0000e+01
6.2131e+00	1.6656e+00	1.0000e+01
6.2131e+00	1.6656e+00	1.0000e+01
6.2043e+00	1.6749e+00	1.0000e+01
6.2043e+00	1.6749e+00	1.0000e+01
3.9649e+00	3.4469e+00	1.0000e+01
3.9649e+00	3.4469e+00	1.0000e+01
6.1923e+00	1.6880e+00	1.0000e+01
6.1923e+00	1.6880e+00	1.0000e+01
6.1866e+00	1.6942e+00	1.0000e+01
6.1866e+00	1.6942e+00	1.0000e+01
6.1831e+00	1.6979e+00	1.0000e+01
6.1831e+00	1.6979e+00	1.0000e+01
6.1696e+00	1.7126e+00	1.0000e+01
6.1696e+00	1.7126e+00	1.0000e+01
6.1618e+00	1.7210e+00	1.0000e+01
6.1618e+00	1.7210e+00	1.0000e+01
6.1598e+00	1.7232e+00	1.0000e+01
6.1598e+00	1.7232e+00	1.0000e+01
6.1563e+00	1.7270e+00	1.0000e+01
6.1563e+00	1.7270e+00	1.0000e+01
6.1401e+00	1.7444e+00	1.0000e+01
6.1401e+00	1.7444e+00	1.0000e+01
6.1324e+00	1.7528e+00	1.0000e+01
6.1324e+00	1.7528e+00	1.0000e+01
3.9814e+00	3.4462e+00	1.0000e+01
3.9814e+00	3.4462e+00	1.0000e+01
6.1191e+00	1.7673e+00	1.0000e+01
6.1191e+00	1.7673e+00	1.0000e+01
6.1184e+00	1.7680e+00	1.0000e+01
6.1184e+00	1.7680e+00	1.0000e+01
6.1049e+00	1.7828e+00	1.0000e+01
6.1049e+00	1.7828e+00	1.0000e+01
6.0966e+00	1.7919e+00	1.0000e+01
6.0966e+00	1.7919e+00	1.0000e+01
6.0816e+00	1.8086e+00	1.0000e+01
6.0816e+00	1.8086e+00	1.0000e+01
6.0774e+00	1.8134e+00	1.0000e+01
6.0774e+00	1.8134e+00	1.0000e+01
6.0749e+00	1.8162e+00	1.0000e+01
6.0749e+00	1.8162e+00	1.0000e+01
6.0656e+00	1.8265e+00	1.0000e+01
6.0656e+00	1.8265e+00	1.0000e+01
6.0527e+00	1.8406e+00	1.0000e+01
6.0527e+00	1.8406e+00	1.0000e+01
6.0492e+00	1.8445e+00	1.0000e+01
6.0492e+00	1.8445e+00	1.0000e+01
6.0428e+00	1.8515e+00	1.0000e+01
6.0428e+00	1.8515e+00	1.0000e+01
6.0303e+00	1.8652e+00	1.0000e+01
6.0303e+00	1.8652e+00	1.0000e+01
6.0205e+00	1.8761e+00	1.0000e+01
6.0205e+00	1.8761e+00	1.0000e+01
6.0078e+00	1.8902e+00	1.0000e+01
6.0078e+00	1.8902e+00	1.0000e+01
6.0029e+00	1.8958e+00	1.0000e+01
6.0029e+00	1.8958e+00	1.0000e+01
4.0144e+00	3.4447e+00	1.0000e+01
4.0144e+00	3.4447e+00	1.0000e+01
5.9917e+00	1.9083e+00	1.0000e+01
5.9917e+00	1.9083e+00	1.0000e+01
5.9854e+00	1.9154e+00	1.0000e+01
5.9854e+00	1.9154e+00	1.0000e+01
5.9633e+00	1.9405e+00	1.0000e+01
5.9633e+00	1.9405e+00	1.0000e+01
5.9630e+00	1.9409e+00	1.0000e+01
5.9630e+00	1.9409e+00	1.0000e+01
5.9629e+00	1.9411e+00	1.0000e+01
5.9629e+00	1.9411e+00	1.0000e+01
5.9627e+00	1.9413e+00	1.0000e+01
5.9627e+00	1.9413e+00	1.0000e+01
5.9397e+00	1.9665e+00	1.0000e+01
5.9397e+00	1.9665e+00	1.0000e+01
4.0329e+00	3.4439e+00	1.0000e+01
4.0329e+00	3.4439e+00	1.0000e+01
5.9328e+00	1.9744e+00	1.0000e+01
5.9328e+00	1.9744e+00	1.0000e+01
5.9197e+00	1.9889e+00	1.0000e+01
5.9197e+00	1.9889e+00	1.0000e+01
5.9165e+00	1.9924e+00	1.0000e+01
5.9165e+00	1.9924e+00	1.0000e+01
5.9026e+00	2.0082e+00	1.0000e+01
5.9026e+00	2.0082e+00	1.0000e+01
5.8933e+00	2.0187e+00	1.0000e+01
5.8933e+00	2.0187e+00	1.0000e+01
5.8766e+00	2.0379e+00	1.0000e+01
5.8766e+00	2.0379e+00	1.0000e+01
5.8724e+00	2.0427e+00	1.0000e+01
5.8724e+00	2.0427e+00	1.0000e+01
4.0552e+00	3.4416e+00	1.0000e+01
4.0552e+00	3.4416e+00	1.0000e+01
5.8701e+00	2.0452e+00	1.0000e+01
5.8701e+00	2.0452e+00	1.0000e+01
5.8628e+00	2.0537e+00	1.0000e+01
5.8628e+00	2.0537e+00	1.0000e+01
5.8463e+00	2.0719e+00	1.0000e+01
5.8463e+00	2.0719e+00	1.0000e+01
5.8412e+00	2.0777e+00	1.0000e+01
5.8412e+00	2.0777e+00	1.0000e+01
5.8310e+00	2.0890e+00	1.0000e+01
5.8310e+00	2.0890e+00	1.0000e+01
5.8223e+00	2.0987e+00	1.0000e+01
5.8223e+00	2.0987e+00	1.0000e+01
5.8094e+00	2.1133e+00	1.0000e+01
5.8094e+00	2.1133e+00	1.0000e+01
4.0767e+00	3.4391e+00	1.0000e+01
4.0767e+00	3.4391e+00	1.0000e+01
5.7982e+00	2.1259e+00	1.0000e+01
5.7982e+00	2.1259e+00	1.0000e+01
5.7842e+00	2.1420e+00	1.0000e+01
5.7842e+00	2.1420e+00	1.0000e+01
5.7776e+00	2.1496e+00	1.0000e+01
5.7776e+00	2.1496e+00	1.0000e+01
5.7742e+00	2.1534e+00	1.0000e+01
5.7742e+00	2.1534e+00	1.0000e+01
5.7639e+00	2.1653e+00	1.0000e+01
5.7639e+00	2.1653e+00	1.0000e+01
5.7497e+00	2.1810e+00	1.0000e+01
5.7497e+00	2.1810e+00	1.0000e+01
5.7448e+00	2.1864e+00	1.0000e+01
5.7448e+00	2.1864e+00	1.0000e+01
4.1021e+00	3.4365e+00	1.0000e+01
4.1021e+00	3.4365e+00	1.0000e+01
5.7348e+00	2.1975e+00	1.0000e+01
5.7348e+00	2.1975e+00	1.0000e+01
5.7247e+00	2.2088e+00	1.0000e+01
5.7247e+00	2.2088e+00	1.0000e+01
5.7113e+00	2.2239e+00	1.0000e+01
5.7113e+00	2.2239e+00	1.0000e+01
5.6997e+00	2.2369e+00	1.0000e+01
5.6997e+00	2.2369e+00	1.0000e+01
5.6836e+00	2.2553e+00	1.0000e+01
5.6836e+00	2.2553e+00	1.0000e+01
5.6778e+00	2.2621e+00	1.0000e+01
5.6778e+00	2.2621e+00	1.0000e+01
5.6749e+00	2.2653e+00	1.0000e+01
5.6749e+00	2.2653e+00	1.0000e+01
5.6667e+00	2.2747e+00	1.0000e+01
5.6667e+00	2.2747e+00	1.0000e+01
4.1362e+00	3.4306e+00	1.0000e+01
4.1362e+00	3.4306e+00	1.0000e+01
4.1384e+00	3.4302e+00	1.0000e+01
4.1384e+00	3.4302e+00	1.0000e+01
5.6493e+00	2.2938e+00	1.0000e+01
5.6493e+00	2.2938e+00	1.0000e+01
5.6429e+00	2.3009e+00	1.0000e+01
5.6429e+00	2.3009e+00	1.0000e+01
5.6288e+00	2.3164e+00	1.0000e+01
5.6288e+00	2.3164e+00	1.0000e+01
5.6233e+00	2.3224e+00	1.0000e+01
5.6233e+00	2.3224e+00	1.0000e+01
5.6074e+00	2.3403e+00	1.0000e+01
5.6074e+00	2.3403e+00	1.0000e+01
5.5974e+00	2.3514e+00	1.0000e+01
5.5974e+00	2.3514e+00	1.0000e+01
4.1724e+00	3.4244e+00	1.0000e+01
4.1724e+00	3.4244e+00	1.0000e+01
5.5724e+00	2.3800e+00	1.0000e+01
5.5724e+00	2.3800e+00	1.0000e+01
5.5719e+00	2.3805e+00	1.0000e+01
5.5719e+00	2.3805e+00	1.0000e+01
5.5717e+00	2.3807e+00	1.0000e+01
5.5717e+00	2.3807e+00	1.0000e+01
5.5712e+00	2.3813e+00	1.0000e+01
5.5712e+00	2.3813e+00	1.0000e+01
5.5446e+00	2.4098e+00	1.0000e+01
5.5446e+00	2.4098e+00	1.0000e+01
5.5341e+00	2.4213e+00	1.0000e+01
5.5341e+00	2.4213e+00	1.0000e+01
4.1934e+00	3.4193e+00	1.0000e+01
4.1934e+00	3.4193e+00	1.0000e+01
5.5177e+00	2.4392e+00	1.0000e+01
5.5177e+00	2.4392e+00	1.0000e+01
5.5094e+00	2.4485e+00	1.0000e+01
5.5094e+00	2.4485e+00	1.0000e+01
5.4965e+00	2.4628e+00	1.0000e+01
5.4965e+00	2.4628e+00	1.0000e+01
5.4909e+00	2.4690e+00	1.0000e+01
5.4909e+00	2.4690e+00	1.0000e+01
5.4772e+00	2.4843e+00	1.0000e+01
5.4772e+00	2.4843e+00	1.0000e+01
5.4634e+00	2.4988e+00	1.0000e+01
5.4634e+00	2.4988e+00	1.0000e+01
5.4575e+00	2.5051e+00	1.0000e+01
5.4575e+00	2.5051e+00	1.0000e+01
4.2348e+00	3.4097e+00	1.0000e+01
4.2348e+00	3.4097e+00	1.0000e+01
5.4423e+00	2.5211e+00	1.0000e+01
5.4423e+00	2.5211e+00	1.0000e+01
5.4353e+00	2.5286e+00	1.0000e+01
5.4353e+00	2.5286e+00	1.0000e+01
4.2440e+00	3.4075e+00	1.0000e+01
4.2440e+00	3.4075e+00	1.0000e+01
4.2487e+00	3.4060e+00	1.0000e+01
4.2487e+00	3.4060e+00	1.0000e+01
5.4173e+00	2.5481e+00	1.0000e+01
5.4173e+00	2.5481e+00	1.0000e+01
5.4074e+00	2.5587e+00	1.0000e+01
5.4074e+00	2.5587e+00	1.0000e+01
4.2610e+00	3.4022e+00	1.0000e+01
4.2610e+00	3.4022e+00	1.0000e+01
5.3849e+00	2.5834e+00	1.0000e+01
5.3849e+00	2.5834e+00	1.0000e+01
5.3793e+00	2.5891e+00	1.0000e+01
5.3793e+00	2.5891e+00	1.0000e+01
5.3767e+00	2.5918e+00	1.0000e+01
5.3767e+00	2.5918e+00	1.0000e+01
5.3693e+00	2.5992e+00	1.0000e+01
5.3693e+00	2.5992e+00	1.0000e+01
5.3500e+00	2.6191e+00	1.0000e+01
5.3500e+00	2.6191e+00	1.0000e+01
5.3336e+00	2.6362e+00	1.0000e+01
5.3336e+00	2.6362e+00	1.0000e+01
4.3011e+00	3.3899e+00	1.0000e+01
4.3011e+00	3.3899e+00	1.0000e+01
5.3208e+00	2.6495e+00	1.0000e+01
5.3208e+00	2.6495e+00	1.0000e+01
4.3168e+00	3.3852e+00	1.0000e+01
4.3168e+00	3.3852e+00	1.0000e+01
5.2941e+00	2.6780e+00	1.0000e+01
5.2941e+00	2.6780e+00	1.0000e+01
5.2918e+00	2.6803e+00	1.0000e+01
5.2918e+00	2.6803e+00	1.0000e+01
5.2906e+00	2.6814e+00	1.0000e+01
5.2906e+00	2.6814e+00	1.0000e+01
5.2869e+00	2.6850e+00	1.0000e+01
5.2869e+00	2.6850e+00	1.0000e+01
5.2612e+00	2.7105e+00	1.0000e+01
5.2612e+00	2.7105e+00	1.0000e+01
5.2444e+00	2.7274e+00	1.0000e+01
5.2444e+00	2.7274e+00	1.0000e+01
4.3518e+00	3.3720e+00	1.0000e+01
4.3518e+00	3.3720e+00	1.0000e+01
4.3587e+00	3.3695e+00	1.0000e+01
4.3587e+00	3.3695e+00	1.0000e+01
5.2308e+00	2.7410e+00	1.0000e+01
5.2308e+00	2.7410e+00	1.0000e+01
5.2048e+00	2.7678e+00	1.0000e+01
5.2048e+00	2.7678e+00	1.0000e+01
5.2005e+00	2.7719e+00	1.0000e+01
5.2005e+00	2.7719e+00	1.0000e+01
5.1980e+00	2.7742e+00	1.0000e+01
5.1980e+00	2.7742e+00	1.0000e+01
5.1892e+00	2.7825e+00	1.0000e+01
5.1892e+00	2.7825e+00	1.0000e+01
4.3908e+00	3.3578e+00	1.0000e+01
4.3908e+00	3.3578e+00	1.0000e+01
5.1686e+00	2.8021e+00	1.0000e+01
5.1686e+00	2.8021e+00	1.0000e+01
4.4015e+00	3.3530e+00	1.0000e+01
4.4015e+00	3.3530e+00	1.0000e+01
5.1484e+00	2.8218e+00	1.0000e+01
5.1484e+00	2.8218e+00	1.0000e+01
4.4200e+00	3.3449e+00	1.0000e+01
4.4200e+00	3.3449e+00	1.0000e+01
5.1370e+00	2.8328e+00	1.0000e+01
5.1370e+00	2.8328e+00	1.0000e+01
5.1170e+00	2.8524e+00	1.0000e+01
5.1170e+00	2.8524e+00	1.0000e+01
5.1048e+00	2.8633e+00	1.0000e+01
5.1048e+00	2.8633e+00	1.0000e+01
4.4490e+00	3.3320e+00	1.0000e+01
4.4490e+00	3.3320e+00	1.0000e+01
5.0974e+00	2.8702e+00	1.0000e+01
5.0974e+00	2.8702e+00	1.0000e+01
5.0717e+00	2.8935e+00	1.0000e+01
5.0717e+00	2.8935e+00	1.0000e+01
4.4662e+00	3.3247e+00	1.0000e+01
4.4662e+00	3.3247e+00	1.0000e+01
5.0652e+00	2.8996e+00	1.0000e+01
5.0652e+00	2.8996e+00	1.0000e+01
5.0439e+00	2.9194e+00	1.0000e+01
5.0439e+00	2.9194e+00	1.0000e+01
4.4951e+00	3.3098e+00	1.0000e+01
4.4951e+00	3.3098e+00	1.0000e+01
5.0388e+00	2.9241e+00	1.0000e+01
5.0388e+00	2.9241e+00	1.0000e+01
5.0307e+00	2.9316e+00	1.0000e+01
5.0307e+00	2.9316e+00	1.0000e+01
5.0045e+00	2.9540e+00	1.0000e+01
5.0045e+00	2.9540e+00	1.0000e+01
4.9867e+00	2.9695e+00	1.0000e+01
4.9867e+00	2.9695e+00	1.0000e+01
4.5381e+00	3.2885e+00	1.0000e+01
4.5381e+00	3.2885e+00	1.0000e+01
4.5408e+00	3.2871e+00	1.0000e+01
4.5408e+00	3.2871e+00	1.0000e+01
4.5428e+00	3.2861e+00	1.0000e+01
4.5428e+00	3.2861e+00	1.0000e+01
4.9700e+00	2.9839e+00	1.0000e+01
4.9700e+00	2.9839e+00	1.0000e+01
4.5594e+00	3.2765e+00	1.0000e+01
4.5594e+00	3.2765e+00	1.0000e+01
4.9459e+00	3.0053e+00	1.0000e+01
4.9459e+00	3.0053e+00	1.0000e+01
4.9352e+00	3.0138e+00	1.0000e+01
4.9352e+00	3.0138e+00	1.0000e+01
4.5839e+00	3.2623e+00	1.0000e+01
4.5839e+00	3.2623e+00	1.0000e+01
4.9271e+00	3.0204e+00	1.0000e+01
4.9271e+00	3.0204e+00	1.0000e+01
4.8990e+00	3.0430e+00	1.0000e+01
4.8990e+00	3.0430e+00	1.0000e+01
4.6207e+00	3.2417e+00	1.0000e+01
4.6207e+00	3.2417e+00	1.0000e+01
4.6271e+00	3.2375e+00	1.0000e+01
4.6271e+00	3.2375e+00	1.0000e+01
4.6341e+00	3.2330e+00	1.0000e+01
4.6341e+00	3.2330e+00	1.0000e+01
4.8677e+00	3.0689e+00	1.0000e+01
4.8677e+00	3.0689e+00	1.0000e+01
4.8638e+00	3.0722e+00	1.0000e+01
4.8638e+00	3.0722e+00	1.0000e+01
4.8632e+00	3.0727e+00	1.0000e+01
4.8632e+00	3.0727e+00	1.0000e+01
4.8625e+00	3.0732e+00	1.0000e+01
4.8625e+00	3.0732e+00	1.0000e+01
4.6682e+00	3.2112e+00	1.0000e+01
4.6682e+00	3.2112e+00	1.0000e+01
4.8252e+00	3.1009e+00	1.0000e+01
4.8252e+00	3.1009e+00	1.0000e+01
4.7940e+00	3.1249e+00	1.0000e+01
4.7940e+00	3.1249e+00	1.0000e+01
4.7484e+00	3.1572e+00	1.0000e+01
4.7484e+00	3.1572e+00	1.0000e+01
4.7092e+00	3.1848e+00	1.0000e+01
4.7092e+00	3.1848e+00	1.0000e+01
4.7182e+00	3.1785e+00	1.0000e+01
4.7182e+00	3.1785e+00	1.0000e+01
4.6999e+00	3.1914e+00	1.0000e+01
4.6999e+00	3.1914e+00	1.0000e+01
4.7878e+00	3.1296e+00	1.0000e+01
4.7878e+00	3.1296e+00	1.0000e+01
4.7805e+00	3.1352e+00	1.0000e+01
4.7805e+00	3.1352e+00	1.0000e+01
9.2803e+00	1.0000e+00	1.0000e+01
9.2807e+00	1.0002e+00	1.0000e+01
9.2807e+00	1.0002e+00	1.0000e+01
9.3119e+00	1.0136e+00	1.0000e+01
9.3119e+00	1.0136e+00	1.0000e+01
9.3202e+00	1.0172e+00	1.0000e+01
9.3202e+00	1.0172e+00	1.0000e+01
9.3345e+00	1.0232e+00	1.0000e+01
9.3345e+00	1.0232e+00	1.0000e+01
9.3443e+00	1.0274e+00	1.0000e+01
9.3443e+00	1.0274e+00	1.0000e+01
9.3613e+00	1.0346e+00	1.0000e+01
9.3613e+00	1.0346e+00	1.0000e+01
9.3774e+00	1.0413e+00	1.0000e+01
9.3774e+00	1.0413e+00	1.0000e+01
9.3911e+00	1.0471e+00	1.0000e+01
9.3911e+00	1.0471e+00	1.0000e+01
9.4037e+00	1.0523e+00	1.0000e+01
9.4037e+00	1.0523e+00	1.0000e+01
9.4110e+00	1.0554e+00	1.0000e+01
9.4110e+00	1.0554e+00	1.0000e+01
9.4384e+00	1.0667e+00	1.0000e+01
9.4384e+00	1.0667e+00	1.0000e+01
9.4453e+00	1.0696e+00	1.0000e+01
9.4453e+00	1.0696e+00	1.0000e+01
9.4472e+00	1.0704e+00	1.0000e+01
9.4472e+00	1.0704e+00	1.0000e+01
9.4506e+00	1.0718e+00	1.0000e+01
9.4506e+00	1.0718e+00	1.0000e+01
9.4800e+00	1.0840e+00	1.0000e+01
9.4800e+00	1.0840e+00	1.0000e+01
9.4916e+00	1.0887e+00	1.0000e+01
9.4916e+00	1.0887e+00	1.0000e+01
9.5127e+00	1.0973e+00	1.0000e+01
9.5127e+00	1.0973e+00	1.0000e+01
9.5155e+00	1.0985e+00	1.0000e+01
9.5155e+00	1.0985e+00	1.0000e+01
9.5375e+00	1.1074e+00	1.0000e+01
9.5375e+00	1.1074e+00	1.0000e+01
9.5515e+00	1.1131e+00	1.0000e+01
9.5515e+00	1.1131e+00	1.0000e+01
9.5785e+00	1.1239e+00	1.0000e+01
9.5785e+00	1.1239e+00	1.0000e+01
9.5848e+00	1.1264e+00	1.0000e+01
9.5848e+00	1.1264e+00	1.0000e+01
9.5883e+00	1.1278e+00	1.0000e+01
9.5883e+00	1.1278e+00	1.0000e+01
9.6003e+00	1.1326e+00	1.0000e+01
9.6003e+00	1.1326e+00	1.0000e+01
9.6263e+00	1.1426e+00	1.0000e+01
9.6263e+00	1.1426e+00	1.0000e+01
9.6344e+00	1.1457e+00	1.0000e+01
9.6344e+00	1.1457e+00	1.0000e+01
9.6500e+00	1.1517e+00	1.0000e+01
9.6500e+00	1.1517e+00	1.0000e+01
9.6653e+00	1.1576e+00	1.0000e+01
9.6653e+00	1.1576e+00	1.0000e+01
9.6859e+00	1.1654e+00	1.0000e+01
9.6859e+00	1.1654e+00	1.0000e+01
9.7051e+00	1.1726e+00	1.0000e+01
9.7051e+00	1.1726e+00	1.0000e+01
9.7270e+00	1.1808e+00	1.0000e+01
9.7270e+00	1.1808e+00	1.0000e+01
9.7392e+00	1.1854e+00	1.0000e+01
9.7392e+00	1.1854e+00	1.0000e+01
9.7456e+00	1.1877e+00	1.0000e+01
9.7456e+00	1.1877e+00	1.0000e+01
9.7650e+00	1.1949e+00	1.0000e+01
9.7650e+00	1.1949e+00	1.0000e+01
9.7880e+00	1.2029e+00	1.0000e+01
9.7880e+00	1.2029e+00	1.0000e+01
9.7962e+00	1.2057e+00	1.0000e+01
9.7962e+00	1.2057e+00	1.0000e+01
9.8141e+00	1.2118e+00	1.0000e+01
9.8141e+00	1.2118e+00	1.0000e+01
9.8323e+00	1.2180e+00	1.0000e+01
9.8323e+00	1.2180e+00	1.0000e+01
9.8570e+00	1.2264e+00	1.0000e+01
9.8570e+00	1.2264e+00	1.0000e+01
9.8774e+00	1.2332e+00	1.0000e+01
9.8774e+00	1.2332e+00	1.0000e+01
9.9126e+00	1.2449e+00	1.0000e+01
9.9126e+00	1.2449e+00	1.0000e+01
9.9200e+00	1.2474e+00	1.0000e+01
9.9200e+00	1.2474e+00	1.0000e+01
9.9234e+00	1.2486e+00	1.0000e+01
9.9234e+00	1.2486e+00	1.0000e+01
9.9325e+00	1.2515e+00	1.0000e+01
9.9325e+00	1.2515e+00	1.0000e+01
9.9738e+00	1.2636e+00	1.0000e+01
9.9738e+00	1.2636e+00	1.0000e+01
9.9919e+00	1.2688e+00	1.0000e+01
9.9919e+00	1.2688e+00	1.0000e+01
1.0026e+01	1.2785e+00	1.0000e+01
1.0026e+01	1.2785e+00	1.0000e+01
1.0040e+01	1.2826e+00	1.0000e+01
1.0040e+01	1.2826e+00	1.0000e+01
1.0068e+01	1.2906e+00	1.0000e+01
1.0068e+01	1.2906e+00	1.0000e+01
1.0079e+01	1.2936e+00	1.0000e+01
1.0079e+01	1.2936e+00	1.0000e+01
1.0103e+01	1.3002e+00	1.0000e+01
1.0103e+01	1.3002e+00	1.0000e+01
1.0138e+01	1.3082e+00	1.0000e+01
1.0138e+01	1.3082e+00	1.0000e+01
1.0157e+01	1.3127e+00	1.0000e+01
1.0157e+01	1.3127e+00	1.0000e+01
1.0201e+01	1.3224e+00	1.0000e+01
1.0201e+01	1.3224e+00	1.0000e+01
1.0234e+01	1.3297e+00	1.0000e+01
1.0234e+01	1.3297e+00	1.0000e+01
1.0258e+01	1.3352e+00	1.0000e+01
1.0258e+01	1.3352e+00	1.0000e+01
1.0265e+01	1.3367e+00	1.0000e+01
1.0265e+01	1.3367e+00	1.0000e+01
1.0276e+01	1.3391e+00	1.0000e+01
1.0276e+01	1.3391e+00	1.0000e+01
1.0342e+01	1.3494e+00	1.0000e+01
1.0342e+01	1.3494e+00	1.0000e+01
1.0399e+01	1.3581e+00	1.0000e+01
1.0399e+01	1.3581e+00	1.0000e+01
1.0424e+01	1.3619e+00	1.0000e+01
1.0424e+01	1.3619e+00	1.0000e+01
1.0452e+01	1.3662e+00	1.0000e+01
1.0452e+01	1.3662e+00	1.0000e+01
1.0525e+01	1.3719e+00	1.0000e+01
1.0525e+01	1.3719e+00	1.0000e+01
1.0606e+01	1.3781e+00	1.0000e+01
1.0606e+01	1.3781e+00	1.0000e+01
1.0632e+01	1.3801e+00	1.0000e+01
1.0632e+01	1.3801e+00	1.0000e+01
1.0642e+01	1.3800e+00	1.0000e+01
1.0642e+01	1.3800e+00	1.0000e+01
1.0799e+01	1.3795e+00	1.0000e+01
1.0799e+01	1.3795e+00	1.0000e+01
1.0814e+01	1.3795e+00	1.0000e+01
1.0814e+01	1.3795e+00	1.0000e+01
1.0862e+01	1.3753e+00	1.0000e+01
1.0862e+01	1.3753e+00	1.0000e+01
1.0915e+01	1.3708e+00	1.0000e+01
1.0915e+01	1.3708e+00	1.0000e+01
1.0999e+01	1.3637e+00	1.0000e+01
1.0999e+01	1.3637e+00	1.0000e+01
1.1018e+01	1.3605e+00	1.0000e+01
1.1018e+01	1.3605e+00	1.0000e+01
1.1032e+01	1.3581e+00	1.0000e+01
1.1032e+01	1.3581e+00	1.0000e+01
1.1098e+01	1.3472e+00	1.0000e+01
1.1098e+01	1.3472e+00	1.0000e+01
1.1123e+01	1.3431e+00	1.0000e+01
1.1123e+01	1.3431e+00	1.0000e+01
1.1171e+01	1.3352e+00	1.0000e+01
1.1171e+01	1.3352e+00	1.0000e+01
1.1178e+01	1.3340e+00	1.0000e+01
1.1178e+01	1.3340e+00	1.0000e+01
1.1188e+01	1.3324e+00	1.0000e+01
1.1188e+01	1.3324e+00	1.0000e+01
1.1242e+01	1.3191e+00	1.0000e+01
1.1242e+01	1.3191e+00	1.0000e+01
1.1269e+01	1.3127e+00	1.0000e+01
1.1269e+01	1.3127e+00	1.0000e+01
1.1304e+01	1.3040e+00	1.0000e+01
1.1304e+01	1.3040e+00	1.0000e+01
1.1343e+01	1.2948e+00	1.0000e+01
1.1343e+01	1.2948e+00	1.0000e+01
1.1361e+01	1.2906e+00	1.0000e+01
1.1361e+01	1.2906e+00	1.0000e+01
1.1367e+01	1.2891e+00	1.0000e+01
1.1367e+01	1.2891e+00	1.0000e+01
1.1380e+01	1.2860e+00	1.0000e+01
1.1380e+01	1.2860e+00	1.0000e+01
1.1420e+01	1.2733e+00	1.0000e+01
1.1420e+01	1.2733e+00	1.0000e+01
1.1434e+01	1.2688e+00	1.0000e+01
1.1434e+01	1.2688e+00	1.0000e+01
1.1464e+01	1.2595e+00	1.0000e+01
1.1464e+01	1.2595e+00	1.0000e+01
1.1471e+01	1.2574e+00	1.0000e+01
1.1471e+01	1.2574e+00	1.0000e+01
1.1503e+01	1.2474e+00	1.0000e+01
1.1503e+01	1.2474e+00	1.0000e+01
1.1522e+01	1.2416e+00	1.0000e+01
1.1522e+01	1.2416e+00	1.0000e+01
1.1570e+01	1.2270e+00	1.0000e+01
1.1570e+01	1.2270e+00	1.0000e+01
1.1572e+01	1.2264e+00	1.0000e+01
1.1572e+01	1.2264e+00	1.0000e+01
1.1573e+01	1.2261e+00	1.0000e+01
1.1573e+01	1.2261e+00	1.0000e+01
1.1575e+01	1.2253e+00	1.0000e+01
1.1575e+01	1.2253e+00	1.0000e+01
1.1616e+01	1.2099e+00	1.0000e+01
1.1616e+01	1.2099e+00	1.0000e+01
1.1627e+01	1.2057e+00	1.0000e+01
1.1627e+01	1.2057e+00	1.0000e+01
1.1647e+01	1.1983e+00	1.0000e+01
1.1647e+01	1.1983e+00	1.0000e+01
1.1659e+01	1.1939e+00	1.0000e+01
1.1659e+01	1.1939e+00	1.0000e+01
1.1682e+01	1.1854e+00	1.0000e+01
1.1682e+01	1.1854e+00	1.0000e+01
1.1701e+01	1.1781e+00	1.0000e+01
1.1701e+01	1.1781e+00	1.0000e+01
1.1722e+01	1.1705e+00	1.0000e+01
1.1722e+01	1.1705e+00	1.0000e+01
1.1736e+01	1.1654e+00	1.0000e+01
1.1736e+01	1.1654e+00	1.0000e+01
1.1744e+01	1.1625e+00	1.0000e+01
1.1744e+01	1.1625e+00	1.0000e+01
1.2125e+01	1.0000e+00	1.0000e+01
1.2112e+01	1.0057e+00	1.0000e+01
1.2112e+01	1.0057e+00	1.0000e+01
1.2101e+01	1.0105e+00	1.0000e+01
1.2101e+01	1.0105e+00	1.0000e+01
1.1774e+01	1.1518e+00	1.0000e+01
1.1774e+01	1.1518e+00	1.0000e+01
1.1785e+01	1.1469e+00	1.0000e+01
1.1785e+01	1.1469e+00	1.0000e+01
1.1788e+01	1.1457e+00	1.0000e+01
1.1788e+01	1.1457e+00	1.0000e+01
1.2086e+01	1.0172e+00	1.0000e+01
1.2086e+01	1.0172e+00	1.0000e+01
1.1792e+01	1.1439e+00	1.0000e+01
1.1792e+01	1.1439e+00	1.0000e+01
1.1822e+01	1.1311e+00	1.0000e+01
1.1822e+01	1.1311e+00	1.0000e+01
1.2069e+01	1.0251e+00	1.0000e+01
1.2069e+01	1.0251e+00	1.0000e+01
1.1834e+01	1.1264e+00	1.0000e+01
1.1834e+01	1.1264e+00	1.0000e+01
1.2065e+01	1.0270e+00	1.0000e+01
1.2065e+01	1.0270e+00	1.0000e+01
1.1851e+01	1.1191e+00	1.0000e+01
1.1851e+01	1.1191e+00	1.0000e+01
1.1859e+01	1.1155e+00	1.0000e+01
1.1859e+01	1.1155e+00	1.0000e+01
1.2048e+01	1.0346e+00	1.0000e+01
1.2048e+01	1.0346e+00	1.0000e+01
1.1879e+01	1.1074e+00	1.0000e+01
1.1879e+01	1.1074e+00	1.0000e+01
1.2036e+01	1.0398e+00	1.0000e+01
1.2036e+01	1.0398e+00	1.0000e+01
1.1896e+01	1.1001e+00	1.0000e+01
1.1896e+01	1.1001e+00	1.0000e+01
1.1909e+01	1.0948e+00	1.0000e+01
1.1909e+01	1.0948e+00	1.0000e+01
1.2017e+01	1.0488e+00	1.0000e+01
1.2017e+01	1.0488e+00	1.0000e+01
1.1924e+01	1.0887e+00	1.0000e+01
1.1924e+01	1.0887e+00	1.0000e+01
1.1933e+01	1.0849e+00	1.0000e+01
1.1933e+01	1.0849e+00	1.0000e+01
1.2009e+01	1.0523e+00	1.0000e+01
1.2009e+01	1.0523e+00	1.0000e+01
1.2003e+01	1.0548e+00	1.0000e+01
1.2003e+01	1.0548e+00	1.0000e+01
1.1967e+01	1.0712e+00	1.0000e+01
1.1967e+01	1.0712e+00	1.0000e+01
1.1969e+01	1.0704e+00	1.0000e+01
1.1969e+01	1.0704e+00	1.0000e+01
1.1970e+01	1.0699e+00	1.0000e+01
1.1970e+01	1.0699e+00	1.0000e+01
1.1976e+01	1.0676e+00	1.0000e+01
1.1976e+01	1.0676e+00	1.0000e+01
