     X	             Y	             Z
1.0000e+00	2.5792e+01	3.0000e+01
1.0009e+00	2.5766e+01	3.0000e+01
1.0009e+00	2.5766e+01	3.0000e+01
1.0018e+00	2.5743e+01	3.0000e+01
1.0018e+00	2.5743e+01	3.0000e+01
1.0090e+00	2.5536e+01	3.0000e+01
1.0090e+00	2.5536e+01	3.0000e+01
1.0172e+00	2.5313e+01	3.0000e+01
1.0172e+00	2.5313e+01	3.0000e+01
1.0172e+00	2.5310e+01	3.0000e+01
1.0172e+00	2.5310e+01	3.0000e+01
1.0173e+00	2.5308e+01	3.0000e+01
1.0173e+00	2.5308e+01	3.0000e+01
1.0187e+00	2.5270e+01	3.0000e+01
1.0187e+00	2.5270e+01	3.0000e+01
1.0255e+00	2.5085e+01	3.0000e+01
1.0255e+00	2.5085e+01	3.0000e+01
1.0331e+00	2.4882e+01	3.0000e+01
1.0331e+00	2.4882e+01	3.0000e+01
1.0338e+00	2.4863e+01	3.0000e+01
1.0338e+00	2.4863e+01	3.0000e+01
1.0346e+00	2.4842e+01	3.0000e+01
1.0346e+00	2.4842e+01	3.0000e+01
1.0422e+00	2.4641e+01	3.0000e+01
1.0422e+00	2.4641e+01	3.0000e+01
1.0492e+00	2.4462e+01	3.0000e+01
1.0492e+00	2.4462e+01	3.0000e+01
1.0507e+00	2.4423e+01	3.0000e+01
1.0507e+00	2.4423e+01	3.0000e+01
1.0523e+00	2.4380e+01	3.0000e+01
1.0523e+00	2.4380e+01	3.0000e+01
1.0592e+00	2.4206e+01	3.0000e+01
1.0592e+00	2.4206e+01	3.0000e+01
1.0655e+00	2.4050e+01	3.0000e+01
1.0655e+00	2.4050e+01	3.0000e+01
1.0678e+00	2.3991e+01	3.0000e+01
1.0678e+00	2.3991e+01	3.0000e+01
1.0704e+00	2.3928e+01	3.0000e+01
1.0704e+00	2.3928e+01	3.0000e+01
1.0765e+00	2.3778e+01	3.0000e+01
1.0765e+00	2.3778e+01	3.0000e+01
1.0821e+00	2.3644e+01	3.0000e+01
1.0821e+00	2.3644e+01	3.0000e+01
1.0852e+00	2.3568e+01	3.0000e+01
1.0852e+00	2.3568e+01	3.0000e+01
1.0887e+00	2.3485e+01	3.0000e+01
1.0887e+00	2.3485e+01	3.0000e+01
1.0941e+00	2.3359e+01	3.0000e+01
1.0941e+00	2.3359e+01	3.0000e+01
1.0989e+00	2.3245e+01	3.0000e+01
1.0989e+00	2.3245e+01	3.0000e+01
1.1030e+00	2.3152e+01	3.0000e+01
1.1030e+00	2.3152e+01	3.0000e+01
1.1074e+00	2.3050e+01	3.0000e+01
1.1074e+00	2.3050e+01	3.0000e+01
1.1119e+00	2.2947e+01	3.0000e+01
1.1119e+00	2.2947e+01	3.0000e+01
1.1161e+00	2.2853e+01	3.0000e+01
1.1161e+00	2.2853e+01	3.0000e+01
1.1210e+00	2.2744e+01	3.0000e+01
1.1210e+00	2.2744e+01	3.0000e+01
1.1264e+00	2.2625e+01	3.0000e+01
1.1264e+00	2.2625e+01	3.0000e+01
1.1301e+00	2.2542e+01	3.0000e+01
1.1301e+00	2.2542e+01	3.0000e+01
1.1336e+00	2.2468e+01	3.0000e+01
1.1336e+00	2.2468e+01	3.0000e+01
1.1393e+00	2.2343e+01	3.0000e+01
1.1393e+00	2.2343e+01	3.0000e+01
1.1457e+00	2.2208e+01	3.0000e+01
1.1457e+00	2.2208e+01	3.0000e+01
1.1487e+00	2.2146e+01	3.0000e+01
1.1487e+00	2.2146e+01	3.0000e+01
1.1514e+00	2.2089e+01	3.0000e+01
1.1514e+00	2.2089e+01	3.0000e+01
1.1580e+00	2.1950e+01	3.0000e+01
1.1580e+00	2.1950e+01	3.0000e+01
1.1654e+00	2.1799e+01	3.0000e+01
1.1654e+00	2.1799e+01	3.0000e+01
1.1675e+00	2.1756e+01	3.0000e+01
1.1675e+00	2.1756e+01	3.0000e+01
1.1695e+00	2.1717e+01	3.0000e+01
1.1695e+00	2.1717e+01	3.0000e+01
1.1770e+00	2.1564e+01	3.0000e+01
1.1770e+00	2.1564e+01	3.0000e+01
1.1854e+00	2.1399e+01	3.0000e+01
1.1854e+00	2.1399e+01	3.0000e+01
1.1867e+00	2.1374e+01	3.0000e+01
1.1867e+00	2.1374e+01	3.0000e+01
1.1879e+00	2.1351e+01	3.0000e+01
1.1879e+00	2.1351e+01	3.0000e+01
1.1964e+00	2.1185e+01	3.0000e+01
1.1964e+00	2.1185e+01	3.0000e+01
1.2057e+00	2.1008e+01	3.0000e+01
1.2057e+00	2.1008e+01	3.0000e+01
1.2062e+00	2.0999e+01	3.0000e+01
1.2062e+00	2.0999e+01	3.0000e+01
1.2066e+00	2.0991e+01	3.0000e+01
1.2066e+00	2.0991e+01	3.0000e+01
1.2160e+00	2.0813e+01	3.0000e+01
1.2160e+00	2.0813e+01	3.0000e+01
1.2169e+00	2.0798e+01	3.0000e+01
1.2169e+00	2.0798e+01	3.0000e+01
1.2257e+00	2.0637e+01	3.0000e+01
1.2257e+00	2.0637e+01	3.0000e+01
1.2260e+00	2.0631e+01	3.0000e+01
1.2260e+00	2.0631e+01	3.0000e+01
1.2264e+00	2.0624e+01	3.0000e+01
1.2264e+00	2.0624e+01	3.0000e+01
1.2361e+00	2.0449e+01	3.0000e+01
1.2361e+00	2.0449e+01	3.0000e+01
1.2452e+00	2.0289e+01	3.0000e+01
1.2452e+00	2.0289e+01	3.0000e+01
1.2462e+00	2.0269e+01	3.0000e+01
1.2462e+00	2.0269e+01	3.0000e+01
1.2474e+00	2.0249e+01	3.0000e+01
1.2474e+00	2.0249e+01	3.0000e+01
1.2564e+00	2.0091e+01	3.0000e+01
1.2564e+00	2.0091e+01	3.0000e+01
1.2650e+00	1.9947e+01	3.0000e+01
1.2650e+00	1.9947e+01	3.0000e+01
1.2668e+00	1.9915e+01	3.0000e+01
1.2668e+00	1.9915e+01	3.0000e+01
1.2688e+00	1.9881e+01	3.0000e+01
1.2688e+00	1.9881e+01	3.0000e+01
1.2772e+00	1.9740e+01	3.0000e+01
1.2772e+00	1.9740e+01	3.0000e+01
1.2852e+00	1.9610e+01	3.0000e+01
1.2852e+00	1.9610e+01	3.0000e+01
1.2878e+00	1.9567e+01	3.0000e+01
1.2878e+00	1.9567e+01	3.0000e+01
1.2906e+00	1.9522e+01	3.0000e+01
1.2906e+00	1.9522e+01	3.0000e+01
1.2984e+00	1.9396e+01	3.0000e+01
1.2984e+00	1.9396e+01	3.0000e+01
1.3057e+00	1.9279e+01	3.0000e+01
1.3057e+00	1.9279e+01	3.0000e+01
1.3091e+00	1.9226e+01	3.0000e+01
1.3091e+00	1.9226e+01	3.0000e+01
1.3127e+00	1.9170e+01	3.0000e+01
1.3127e+00	1.9170e+01	3.0000e+01
1.3199e+00	1.9058e+01	3.0000e+01
1.3199e+00	1.9058e+01	3.0000e+01
1.3267e+00	1.8954e+01	3.0000e+01
1.3267e+00	1.8954e+01	3.0000e+01
1.3308e+00	1.8892e+01	3.0000e+01
1.3308e+00	1.8892e+01	3.0000e+01
1.3352e+00	1.8826e+01	3.0000e+01
1.3352e+00	1.8826e+01	3.0000e+01
1.3418e+00	1.8727e+01	3.0000e+01
1.3418e+00	1.8727e+01	3.0000e+01
1.3482e+00	1.8635e+01	3.0000e+01
1.3482e+00	1.8635e+01	3.0000e+01
1.3530e+00	1.8564e+01	3.0000e+01
1.3530e+00	1.8564e+01	3.0000e+01
1.3581e+00	1.8490e+01	3.0000e+01
1.3581e+00	1.8490e+01	3.0000e+01
1.3642e+00	1.8402e+01	3.0000e+01
1.3642e+00	1.8402e+01	3.0000e+01
1.3700e+00	1.8321e+01	3.0000e+01
1.3700e+00	1.8321e+01	3.0000e+01
1.3755e+00	1.8243e+01	3.0000e+01
1.3755e+00	1.8243e+01	3.0000e+01
1.3814e+00	1.8161e+01	3.0000e+01
1.3814e+00	1.8161e+01	3.0000e+01
1.3870e+00	1.8084e+01	3.0000e+01
1.3870e+00	1.8084e+01	3.0000e+01
1.3924e+00	1.8012e+01	3.0000e+01
1.3924e+00	1.8012e+01	3.0000e+01
1.3985e+00	1.7927e+01	3.0000e+01
1.3985e+00	1.7927e+01	3.0000e+01
1.4051e+00	1.7840e+01	3.0000e+01
1.4051e+00	1.7840e+01	3.0000e+01
1.4102e+00	1.7772e+01	3.0000e+01
1.4102e+00	1.7772e+01	3.0000e+01
1.4152e+00	1.7708e+01	3.0000e+01
1.4152e+00	1.7708e+01	3.0000e+01
1.4220e+00	1.7619e+01	3.0000e+01
1.4220e+00	1.7619e+01	3.0000e+01
1.4292e+00	1.7527e+01	3.0000e+01
1.4292e+00	1.7527e+01	3.0000e+01
1.4339e+00	1.7467e+01	3.0000e+01
1.4339e+00	1.7467e+01	3.0000e+01
1.4385e+00	1.7409e+01	3.0000e+01
1.4385e+00	1.7409e+01	3.0000e+01
1.4459e+00	1.7316e+01	3.0000e+01
1.4459e+00	1.7316e+01	3.0000e+01
1.4537e+00	1.7220e+01	3.0000e+01
1.4537e+00	1.7220e+01	3.0000e+01
1.4581e+00	1.7167e+01	3.0000e+01
1.4581e+00	1.7167e+01	3.0000e+01
1.4623e+00	1.7116e+01	3.0000e+01
1.4623e+00	1.7116e+01	3.0000e+01
1.4703e+00	1.7019e+01	3.0000e+01
1.4703e+00	1.7019e+01	3.0000e+01
1.4787e+00	1.6921e+01	3.0000e+01
1.4787e+00	1.6921e+01	3.0000e+01
1.4827e+00	1.6873e+01	3.0000e+01
1.4827e+00	1.6873e+01	3.0000e+01
1.4867e+00	1.6827e+01	3.0000e+01
1.4867e+00	1.6827e+01	3.0000e+01
1.4952e+00	1.6729e+01	3.0000e+01
1.4952e+00	1.6729e+01	3.0000e+01
1.5040e+00	1.6629e+01	3.0000e+01
1.5040e+00	1.6629e+01	3.0000e+01
1.5079e+00	1.6586e+01	3.0000e+01
1.5079e+00	1.6586e+01	3.0000e+01
1.5117e+00	1.6543e+01	3.0000e+01
1.5117e+00	1.6543e+01	3.0000e+01
1.5206e+00	1.6444e+01	3.0000e+01
1.5206e+00	1.6444e+01	3.0000e+01
1.5298e+00	1.6344e+01	3.0000e+01
1.5298e+00	1.6344e+01	3.0000e+01
1.5335e+00	1.6304e+01	3.0000e+01
1.5335e+00	1.6304e+01	3.0000e+01
1.5372e+00	1.6264e+01	3.0000e+01
1.5372e+00	1.6264e+01	3.0000e+01
1.5465e+00	1.6165e+01	3.0000e+01
1.5465e+00	1.6165e+01	3.0000e+01
1.5561e+00	1.6066e+01	3.0000e+01
1.5561e+00	1.6066e+01	3.0000e+01
1.5597e+00	1.6028e+01	3.0000e+01
1.5597e+00	1.6028e+01	3.0000e+01
1.5634e+00	1.5990e+01	3.0000e+01
1.5634e+00	1.5990e+01	3.0000e+01
1.5730e+00	1.5892e+01	3.0000e+01
1.5730e+00	1.5892e+01	3.0000e+01
1.5827e+00	1.5795e+01	3.0000e+01
1.5827e+00	1.5795e+01	3.0000e+01
1.5865e+00	1.5758e+01	3.0000e+01
1.5865e+00	1.5758e+01	3.0000e+01
1.5903e+00	1.5721e+01	3.0000e+01
1.5903e+00	1.5721e+01	3.0000e+01
1.6001e+00	1.5625e+01	3.0000e+01
1.6001e+00	1.5625e+01	3.0000e+01
1.6099e+00	1.5531e+01	3.0000e+01
1.6099e+00	1.5531e+01	3.0000e+01
1.6138e+00	1.5493e+01	3.0000e+01
1.6138e+00	1.5493e+01	3.0000e+01
1.6179e+00	1.5455e+01	3.0000e+01
1.6179e+00	1.5455e+01	3.0000e+01
1.6277e+00	1.5363e+01	3.0000e+01
1.6277e+00	1.5363e+01	3.0000e+01
1.6375e+00	1.5273e+01	3.0000e+01
1.6375e+00	1.5273e+01	3.0000e+01
1.6418e+00	1.5234e+01	3.0000e+01
1.6418e+00	1.5234e+01	3.0000e+01
1.6462e+00	1.5195e+01	3.0000e+01
1.6462e+00	1.5195e+01	3.0000e+01
1.6560e+00	1.5107e+01	3.0000e+01
1.6560e+00	1.5107e+01	3.0000e+01
1.6656e+00	1.5023e+01	3.0000e+01
1.6656e+00	1.5023e+01	3.0000e+01
1.6703e+00	1.4981e+01	3.0000e+01
1.6703e+00	1.4981e+01	3.0000e+01
1.6753e+00	1.4939e+01	3.0000e+01
1.6753e+00	1.4939e+01	3.0000e+01
1.6848e+00	1.4857e+01	3.0000e+01
1.6848e+00	1.4857e+01	3.0000e+01
1.6942e+00	1.4779e+01	3.0000e+01
1.6942e+00	1.4779e+01	3.0000e+01
1.6995e+00	1.4733e+01	3.0000e+01
1.6995e+00	1.4733e+01	3.0000e+01
1.7053e+00	1.4687e+01	3.0000e+01
1.7053e+00	1.4687e+01	3.0000e+01
1.7144e+00	1.4612e+01	3.0000e+01
1.7144e+00	1.4612e+01	3.0000e+01
1.7232e+00	1.4541e+01	3.0000e+01
1.7232e+00	1.4541e+01	3.0000e+01
1.7294e+00	1.4491e+01	3.0000e+01
1.7294e+00	1.4491e+01	3.0000e+01
1.7361e+00	1.4439e+01	3.0000e+01
1.7361e+00	1.4439e+01	3.0000e+01
1.7446e+00	1.4372e+01	3.0000e+01
1.7446e+00	1.4372e+01	3.0000e+01
1.7528e+00	1.4310e+01	3.0000e+01
1.7528e+00	1.4310e+01	3.0000e+01
1.7600e+00	1.4254e+01	3.0000e+01
1.7600e+00	1.4254e+01	3.0000e+01
1.7679e+00	1.4196e+01	3.0000e+01
1.7679e+00	1.4196e+01	3.0000e+01
1.7756e+00	1.4138e+01	3.0000e+01
1.7756e+00	1.4138e+01	3.0000e+01
1.7828e+00	1.4085e+01	3.0000e+01
1.7828e+00	1.4085e+01	3.0000e+01
1.7913e+00	1.4023e+01	3.0000e+01
1.7913e+00	1.4023e+01	3.0000e+01
1.8007e+00	1.3956e+01	3.0000e+01
1.8007e+00	1.3956e+01	3.0000e+01
1.8073e+00	1.3909e+01	3.0000e+01
1.8073e+00	1.3909e+01	3.0000e+01
1.8134e+00	1.3866e+01	3.0000e+01
1.8134e+00	1.3866e+01	3.0000e+01
1.8234e+00	1.3797e+01	3.0000e+01
1.8234e+00	1.3797e+01	3.0000e+01
1.8346e+00	1.3721e+01	3.0000e+01
1.8346e+00	1.3721e+01	3.0000e+01
1.8398e+00	1.3686e+01	3.0000e+01
1.8398e+00	1.3686e+01	3.0000e+01
1.8445e+00	1.3654e+01	3.0000e+01
1.8445e+00	1.3654e+01	3.0000e+01
1.8563e+00	1.3576e+01	3.0000e+01
1.8563e+00	1.3576e+01	3.0000e+01
1.8697e+00	1.3490e+01	3.0000e+01
1.8697e+00	1.3490e+01	3.0000e+01
1.8731e+00	1.3468e+01	3.0000e+01
1.8731e+00	1.3468e+01	3.0000e+01
1.8761e+00	1.3448e+01	3.0000e+01
1.8761e+00	1.3448e+01	3.0000e+01
1.8900e+00	1.3360e+01	3.0000e+01
1.8900e+00	1.3360e+01	3.0000e+01
1.9061e+00	1.3262e+01	3.0000e+01
1.9061e+00	1.3262e+01	3.0000e+01
1.9073e+00	1.3255e+01	3.0000e+01
1.9073e+00	1.3255e+01	3.0000e+01
1.9083e+00	1.3248e+01	3.0000e+01
1.9083e+00	1.3248e+01	3.0000e+01
1.9245e+00	1.3151e+01	3.0000e+01
1.9245e+00	1.3151e+01	3.0000e+01
1.9246e+00	1.3150e+01	3.0000e+01
1.9246e+00	1.3150e+01	3.0000e+01
1.9411e+00	1.3054e+01	3.0000e+01
1.9411e+00	1.3054e+01	3.0000e+01
1.9423e+00	1.3047e+01	3.0000e+01
1.9423e+00	1.3047e+01	3.0000e+01
1.9438e+00	1.3038e+01	3.0000e+01
1.9438e+00	1.3038e+01	3.0000e+01
1.9601e+00	1.2945e+01	3.0000e+01
1.9601e+00	1.2945e+01	3.0000e+01
1.9744e+00	1.2866e+01	3.0000e+01
1.9744e+00	1.2866e+01	3.0000e+01
1.9783e+00	1.2844e+01	3.0000e+01
1.9783e+00	1.2844e+01	3.0000e+01
1.9829e+00	1.2819e+01	3.0000e+01
1.9829e+00	1.2819e+01	3.0000e+01
1.9966e+00	1.2744e+01	3.0000e+01
1.9966e+00	1.2744e+01	3.0000e+01
2.0082e+00	1.2683e+01	3.0000e+01
2.0082e+00	1.2683e+01	3.0000e+01
2.0152e+00	1.2646e+01	3.0000e+01
2.0152e+00	1.2646e+01	3.0000e+01
2.0237e+00	1.2602e+01	3.0000e+01
2.0237e+00	1.2602e+01	3.0000e+01
2.0340e+00	1.2549e+01	3.0000e+01
2.0340e+00	1.2549e+01	3.0000e+01
2.0427e+00	1.2506e+01	3.0000e+01
2.0427e+00	1.2506e+01	3.0000e+01
2.0532e+00	1.2454e+01	3.0000e+01
2.0532e+00	1.2454e+01	3.0000e+01
2.0663e+00	1.2390e+01	3.0000e+01
2.0663e+00	1.2390e+01	3.0000e+01
2.0726e+00	1.2359e+01	3.0000e+01
2.0726e+00	1.2359e+01	3.0000e+01
2.0777e+00	1.2335e+01	3.0000e+01
2.0777e+00	1.2335e+01	3.0000e+01
2.0922e+00	1.2266e+01	3.0000e+01
2.0922e+00	1.2266e+01	3.0000e+01
2.1108e+00	1.2181e+01	3.0000e+01
2.1108e+00	1.2181e+01	3.0000e+01
2.1122e+00	1.2174e+01	3.0000e+01
2.1122e+00	1.2174e+01	3.0000e+01
2.1133e+00	1.2169e+01	3.0000e+01
2.1133e+00	1.2169e+01	3.0000e+01
2.1229e+00	1.2126e+01	3.0000e+01
2.1229e+00	1.2126e+01	3.0000e+01
2.1324e+00	1.2084e+01	3.0000e+01
2.1324e+00	1.2084e+01	3.0000e+01
2.1496e+00	1.2009e+01	3.0000e+01
2.1496e+00	1.2009e+01	3.0000e+01
2.1529e+00	1.1994e+01	3.0000e+01
2.1529e+00	1.1994e+01	3.0000e+01
2.1574e+00	1.1976e+01	3.0000e+01
2.1574e+00	1.1976e+01	3.0000e+01
2.1737e+00	1.1906e+01	3.0000e+01
2.1737e+00	1.1906e+01	3.0000e+01
2.1864e+00	1.1854e+01	3.0000e+01
2.1864e+00	1.1854e+01	3.0000e+01
2.1949e+00	1.1819e+01	3.0000e+01
2.1949e+00	1.1819e+01	3.0000e+01
2.2063e+00	1.1774e+01	3.0000e+01
2.2063e+00	1.1774e+01	3.0000e+01
2.2163e+00	1.1733e+01	3.0000e+01
2.2163e+00	1.1733e+01	3.0000e+01
2.2239e+00	1.1704e+01	3.0000e+01
2.2239e+00	1.1704e+01	3.0000e+01
2.2381e+00	1.1649e+01	3.0000e+01
2.2381e+00	1.1649e+01	3.0000e+01
2.2578e+00	1.1575e+01	3.0000e+01
2.2578e+00	1.1575e+01	3.0000e+01
2.2603e+00	1.1566e+01	3.0000e+01
2.2603e+00	1.1566e+01	3.0000e+01
2.2621e+00	1.1559e+01	3.0000e+01
2.2621e+00	1.1559e+01	3.0000e+01
2.2734e+00	1.1517e+01	3.0000e+01
2.2734e+00	1.1517e+01	3.0000e+01
2.2827e+00	1.1484e+01	3.0000e+01
2.2827e+00	1.1484e+01	3.0000e+01
2.3009e+00	1.1419e+01	3.0000e+01
2.3009e+00	1.1419e+01	3.0000e+01
2.3055e+00	1.1403e+01	3.0000e+01
2.3055e+00	1.1403e+01	3.0000e+01
2.3122e+00	1.1380e+01	3.0000e+01
2.3122e+00	1.1380e+01	3.0000e+01
2.3286e+00	1.1323e+01	3.0000e+01
2.3286e+00	1.1323e+01	3.0000e+01
2.3403e+00	1.1284e+01	3.0000e+01
2.3403e+00	1.1284e+01	3.0000e+01
2.3522e+00	1.1245e+01	3.0000e+01
2.3522e+00	1.1245e+01	3.0000e+01
2.3697e+00	1.1188e+01	3.0000e+01
2.3697e+00	1.1188e+01	3.0000e+01
2.3761e+00	1.1167e+01	3.0000e+01
2.3761e+00	1.1167e+01	3.0000e+01
2.3805e+00	1.1154e+01	3.0000e+01
2.3805e+00	1.1154e+01	3.0000e+01
2.4004e+00	1.1091e+01	3.0000e+01
2.4004e+00	1.1091e+01	3.0000e+01
2.4030e+00	1.1083e+01	3.0000e+01
2.4030e+00	1.1083e+01	3.0000e+01
2.4213e+00	1.1028e+01	3.0000e+01
2.4213e+00	1.1028e+01	3.0000e+01
2.4251e+00	1.1016e+01	3.0000e+01
2.4251e+00	1.1016e+01	3.0000e+01
2.4309e+00	1.0999e+01	3.0000e+01
2.4309e+00	1.0999e+01	3.0000e+01
2.4501e+00	1.0943e+01	3.0000e+01
2.4501e+00	1.0943e+01	3.0000e+01
2.4628e+00	1.0906e+01	3.0000e+01
2.4628e+00	1.0906e+01	3.0000e+01
2.4756e+00	1.0870e+01	3.0000e+01
2.4756e+00	1.0870e+01	3.0000e+01
2.4960e+00	1.0814e+01	3.0000e+01
2.4960e+00	1.0814e+01	3.0000e+01
2.5015e+00	1.0799e+01	3.0000e+01
2.5015e+00	1.0799e+01	3.0000e+01
2.5051e+00	1.0789e+01	3.0000e+01
2.5051e+00	1.0789e+01	3.0000e+01
2.5205e+00	1.0748e+01	3.0000e+01
2.5205e+00	1.0748e+01	3.0000e+01
2.5278e+00	1.0728e+01	3.0000e+01
2.5278e+00	1.0728e+01	3.0000e+01
2.5481e+00	1.0676e+01	3.0000e+01
2.5481e+00	1.0676e+01	3.0000e+01
2.5546e+00	1.0659e+01	3.0000e+01
2.5546e+00	1.0659e+01	3.0000e+01
2.5656e+00	1.0632e+01	3.0000e+01
2.5656e+00	1.0632e+01	3.0000e+01
2.5818e+00	1.0591e+01	3.0000e+01
2.5818e+00	1.0591e+01	3.0000e+01
2.5918e+00	1.0567e+01	3.0000e+01
2.5918e+00	1.0567e+01	3.0000e+01
2.6095e+00	1.0524e+01	3.0000e+01
2.6095e+00	1.0524e+01	3.0000e+01
2.6306e+00	1.0475e+01	3.0000e+01
2.6306e+00	1.0475e+01	3.0000e+01
2.6362e+00	1.0462e+01	3.0000e+01
2.6362e+00	1.0462e+01	3.0000e+01
2.6377e+00	1.0458e+01	3.0000e+01
2.6377e+00	1.0458e+01	3.0000e+01
2.6403e+00	1.0452e+01	3.0000e+01
2.6403e+00	1.0452e+01	3.0000e+01
2.6662e+00	1.0393e+01	3.0000e+01
2.6662e+00	1.0393e+01	3.0000e+01
2.6814e+00	1.0360e+01	3.0000e+01
2.6814e+00	1.0360e+01	3.0000e+01
2.6953e+00	1.0329e+01	3.0000e+01
2.6953e+00	1.0329e+01	3.0000e+01
2.7205e+00	1.0276e+01	3.0000e+01
2.7205e+00	1.0276e+01	3.0000e+01
2.7249e+00	1.0267e+01	3.0000e+01
2.7249e+00	1.0267e+01	3.0000e+01
2.7274e+00	1.0262e+01	3.0000e+01
2.7274e+00	1.0262e+01	3.0000e+01
2.7360e+00	1.0244e+01	3.0000e+01
2.7360e+00	1.0244e+01	3.0000e+01
2.7549e+00	1.0205e+01	3.0000e+01
2.7549e+00	1.0205e+01	3.0000e+01
2.7742e+00	1.0166e+01	3.0000e+01
2.7742e+00	1.0166e+01	3.0000e+01
2.7855e+00	1.0144e+01	3.0000e+01
2.7855e+00	1.0144e+01	3.0000e+01
2.8069e+00	1.0103e+01	3.0000e+01
2.8069e+00	1.0103e+01	3.0000e+01
2.8166e+00	1.0084e+01	3.0000e+01
2.8166e+00	1.0084e+01	3.0000e+01
2.8218e+00	1.0074e+01	3.0000e+01
2.8218e+00	1.0074e+01	3.0000e+01
2.8387e+00	1.0043e+01	3.0000e+01
2.8387e+00	1.0043e+01	3.0000e+01
2.8481e+00	1.0025e+01	3.0000e+01
2.8481e+00	1.0025e+01	3.0000e+01
2.8702e+00	9.9850e+00	3.0000e+01
2.8702e+00	9.9850e+00	3.0000e+01
2.8801e+00	9.9670e+00	3.0000e+01
2.8801e+00	9.9670e+00	3.0000e+01
2.8999e+00	9.9325e+00	3.0000e+01
2.8999e+00	9.9325e+00	3.0000e+01
2.9127e+00	9.9098e+00	3.0000e+01
2.9127e+00	9.9098e+00	3.0000e+01
2.9194e+00	9.8984e+00	3.0000e+01
2.9194e+00	9.8984e+00	3.0000e+01
2.9398e+00	9.8636e+00	3.0000e+01
2.9398e+00	9.8636e+00	3.0000e+01
2.9458e+00	9.8533e+00	3.0000e+01
2.9458e+00	9.8533e+00	3.0000e+01
2.9695e+00	9.8141e+00	3.0000e+01
2.9695e+00	9.8141e+00	3.0000e+01
2.9794e+00	9.7977e+00	3.0000e+01
2.9794e+00	9.7977e+00	3.0000e+01
2.9998e+00	9.7650e+00	3.0000e+01
2.9998e+00	9.7650e+00	3.0000e+01
3.0135e+00	9.7428e+00	3.0000e+01
3.0135e+00	9.7428e+00	3.0000e+01
3.0204e+00	9.7321e+00	3.0000e+01
3.0204e+00	9.7321e+00	3.0000e+01
3.0404e+00	9.7006e+00	3.0000e+01
3.0404e+00	9.7006e+00	3.0000e+01
3.0481e+00	9.6885e+00	3.0000e+01
3.0481e+00	9.6885e+00	3.0000e+01
3.0722e+00	9.6518e+00	3.0000e+01
3.0722e+00	9.6518e+00	3.0000e+01
3.0833e+00	9.6349e+00	3.0000e+01
3.0833e+00	9.6349e+00	3.0000e+01
3.1067e+00	9.6003e+00	3.0000e+01
3.1067e+00	9.6003e+00	3.0000e+01
3.1189e+00	9.5820e+00	3.0000e+01
3.1189e+00	9.5820e+00	3.0000e+01
3.1249e+00	9.5734e+00	3.0000e+01
3.1249e+00	9.5734e+00	3.0000e+01
3.1418e+00	9.5488e+00	3.0000e+01
3.1418e+00	9.5488e+00	3.0000e+01
3.1550e+00	9.5294e+00	3.0000e+01
3.1550e+00	9.5294e+00	3.0000e+01
3.1785e+00	9.4962e+00	3.0000e+01
3.1785e+00	9.4962e+00	3.0000e+01
3.1916e+00	9.4774e+00	3.0000e+01
3.1916e+00	9.4774e+00	3.0000e+01
3.2199e+00	9.4384e+00	3.0000e+01
3.2199e+00	9.4384e+00	3.0000e+01
3.2288e+00	9.4261e+00	3.0000e+01
3.2288e+00	9.4261e+00	3.0000e+01
3.2330e+00	9.4203e+00	3.0000e+01
3.2330e+00	9.4203e+00	3.0000e+01
3.2448e+00	9.4041e+00	3.0000e+01
3.2448e+00	9.4041e+00	3.0000e+01
3.2662e+00	9.3746e+00	3.0000e+01
3.2662e+00	9.3746e+00	3.0000e+01
3.2885e+00	9.3450e+00	3.0000e+01
3.2885e+00	9.3450e+00	3.0000e+01
3.3042e+00	9.3237e+00	3.0000e+01
3.3042e+00	9.3237e+00	3.0000e+01
3.3383e+00	9.2793e+00	3.0000e+01
3.3383e+00	9.2793e+00	3.0000e+01
3.3427e+00	9.2734e+00	3.0000e+01
3.3427e+00	9.2734e+00	3.0000e+01
3.3449e+00	9.2707e+00	3.0000e+01
3.3449e+00	9.2707e+00	3.0000e+01
3.3508e+00	9.2629e+00	3.0000e+01
3.3508e+00	9.2629e+00	3.0000e+01
3.3814e+00	9.2225e+00	3.0000e+01
3.3814e+00	9.2225e+00	3.0000e+01
3.4022e+00	9.1961e+00	3.0000e+01
3.4022e+00	9.1961e+00	3.0000e+01
3.4206e+00	9.1722e+00	3.0000e+01
3.4206e+00	9.1722e+00	3.0000e+01
3.4601e+00	9.1228e+00	3.0000e+01
3.4601e+00	9.1228e+00	3.0000e+01
3.4604e+00	9.1224e+00	3.0000e+01
3.4604e+00	9.1224e+00	3.0000e+01
3.4606e+00	9.1222e+00	3.0000e+01
3.4606e+00	9.1222e+00	3.0000e+01
3.4611e+00	9.1216e+00	3.0000e+01
3.4611e+00	9.1216e+00	3.0000e+01
3.5002e+00	9.0716e+00	3.0000e+01
3.5002e+00	9.0716e+00	3.0000e+01
3.5199e+00	9.0473e+00	3.0000e+01
3.5199e+00	9.0473e+00	3.0000e+01
3.5404e+00	9.0212e+00	3.0000e+01
3.5404e+00	9.0212e+00	3.0000e+01
3.5777e+00	8.9756e+00	3.0000e+01
3.5777e+00	8.9756e+00	3.0000e+01
3.5803e+00	8.9724e+00	3.0000e+01
3.5803e+00	8.9724e+00	3.0000e+01
3.5812e+00	8.9712e+00	3.0000e+01
3.5812e+00	8.9712e+00	3.0000e+01
3.5830e+00	8.9690e+00	3.0000e+01
3.5830e+00	8.9690e+00	3.0000e+01
3.6218e+00	8.9200e+00	3.0000e+01
3.6218e+00	8.9200e+00	3.0000e+01
3.6417e+00	8.8959e+00	3.0000e+01
3.6417e+00	8.8959e+00	3.0000e+01
3.6629e+00	8.8691e+00	3.0000e+01
3.6629e+00	8.8691e+00	3.0000e+01
3.7032e+00	8.8201e+00	3.0000e+01
3.7032e+00	8.8201e+00	3.0000e+01
3.7042e+00	8.8189e+00	3.0000e+01
3.7042e+00	8.8189e+00	3.0000e+01
3.7045e+00	8.8185e+00	3.0000e+01
3.7045e+00	8.8185e+00	3.0000e+01
3.7051e+00	8.8177e+00	3.0000e+01
3.7051e+00	8.8177e+00	3.0000e+01
3.7458e+00	8.7664e+00	3.0000e+01
3.7458e+00	8.7664e+00	3.0000e+01
3.7677e+00	8.7397e+00	3.0000e+01
3.7677e+00	8.7397e+00	3.0000e+01
3.7875e+00	8.7145e+00	3.0000e+01
3.7875e+00	8.7145e+00	3.0000e+01
3.8244e+00	8.6691e+00	3.0000e+01
3.8244e+00	8.6691e+00	3.0000e+01
3.8295e+00	8.6627e+00	3.0000e+01
3.8295e+00	8.6627e+00	3.0000e+01
3.8323e+00	8.6593e+00	3.0000e+01
3.8323e+00	8.6593e+00	3.0000e+01
3.8424e+00	8.6464e+00	3.0000e+01
3.8424e+00	8.6464e+00	3.0000e+01
3.8712e+00	8.6094e+00	3.0000e+01
3.8712e+00	8.6094e+00	3.0000e+01
3.8981e+00	8.5762e+00	3.0000e+01
3.8981e+00	8.5762e+00	3.0000e+01
3.9133e+00	8.5563e+00	3.0000e+01
3.9133e+00	8.5563e+00	3.0000e+01
3.9397e+00	8.5229e+00	3.0000e+01
3.9397e+00	8.5229e+00	3.0000e+01
3.9555e+00	8.5027e+00	3.0000e+01
3.9555e+00	8.5027e+00	3.0000e+01
3.9649e+00	8.4910e+00	3.0000e+01
3.9649e+00	8.4910e+00	3.0000e+01
3.9975e+00	8.4481e+00	3.0000e+01
3.9975e+00	8.4481e+00	3.0000e+01
4.0038e+00	8.4402e+00	3.0000e+01
4.0038e+00	8.4402e+00	3.0000e+01
4.0329e+00	8.4031e+00	3.0000e+01
4.0329e+00	8.4031e+00	3.0000e+01
4.0399e+00	8.3936e+00	3.0000e+01
4.0399e+00	8.3936e+00	3.0000e+01
4.0509e+00	8.3792e+00	3.0000e+01
4.0509e+00	8.3792e+00	3.0000e+01
4.0819e+00	8.3379e+00	3.0000e+01
4.0819e+00	8.3379e+00	3.0000e+01
4.1021e+00	8.3119e+00	3.0000e+01
4.1021e+00	8.3119e+00	3.0000e+01
4.1240e+00	8.2819e+00	3.0000e+01
4.1240e+00	8.2819e+00	3.0000e+01
4.1572e+00	8.2379e+00	3.0000e+01
4.1572e+00	8.2379e+00	3.0000e+01
4.1663e+00	8.2257e+00	3.0000e+01
4.1663e+00	8.2257e+00	3.0000e+01
4.1724e+00	8.2177e+00	3.0000e+01
4.1724e+00	8.2177e+00	3.0000e+01
4.2079e+00	8.1686e+00	3.0000e+01
4.2079e+00	8.1686e+00	3.0000e+01
4.2081e+00	8.1682e+00	3.0000e+01
4.2081e+00	8.1682e+00	3.0000e+01
4.2440e+00	8.1199e+00	3.0000e+01
4.2440e+00	8.1199e+00	3.0000e+01
4.2503e+00	8.1109e+00	3.0000e+01
4.2503e+00	8.1109e+00	3.0000e+01
4.2588e+00	8.0990e+00	3.0000e+01
4.2588e+00	8.0990e+00	3.0000e+01
4.2919e+00	8.0522e+00	3.0000e+01
4.2919e+00	8.0522e+00	3.0000e+01
4.3168e+00	8.0181e+00	3.0000e+01
4.3168e+00	8.0181e+00	3.0000e+01
4.3337e+00	7.9935e+00	3.0000e+01
4.3337e+00	7.9935e+00	3.0000e+01
4.3556e+00	7.9624e+00	3.0000e+01
4.3556e+00	7.9624e+00	3.0000e+01
4.3753e+00	7.9342e+00	3.0000e+01
4.3753e+00	7.9342e+00	3.0000e+01
4.3908e+00	7.9125e+00	3.0000e+01
4.3908e+00	7.9125e+00	3.0000e+01
4.4166e+00	7.8741e+00	3.0000e+01
4.4166e+00	7.8741e+00	3.0000e+01
4.4485e+00	7.8281e+00	3.0000e+01
4.4485e+00	7.8281e+00	3.0000e+01
4.4582e+00	7.8141e+00	3.0000e+01
4.4582e+00	7.8141e+00	3.0000e+01
4.4662e+00	7.8028e+00	3.0000e+01
4.4662e+00	7.8028e+00	3.0000e+01
4.4991e+00	7.7528e+00	3.0000e+01
4.4991e+00	7.7528e+00	3.0000e+01
4.5377e+00	7.6961e+00	3.0000e+01
4.5377e+00	7.6961e+00	3.0000e+01
4.5404e+00	7.6921e+00	3.0000e+01
4.5404e+00	7.6921e+00	3.0000e+01
4.5428e+00	7.6887e+00	3.0000e+01
4.5428e+00	7.6887e+00	3.0000e+01
4.5808e+00	7.6298e+00	3.0000e+01
4.5808e+00	7.6298e+00	3.0000e+01
4.5963e+00	7.6065e+00	3.0000e+01
4.5963e+00	7.6065e+00	3.0000e+01
4.6207e+00	7.5701e+00	3.0000e+01
4.6207e+00	7.5701e+00	3.0000e+01
4.6218e+00	7.5682e+00	3.0000e+01
4.6218e+00	7.5682e+00	3.0000e+01
4.6230e+00	7.5664e+00	3.0000e+01
4.6230e+00	7.5664e+00	3.0000e+01
4.6618e+00	7.5050e+00	3.0000e+01
4.6618e+00	7.5050e+00	3.0000e+01
4.6999e+00	7.4468e+00	3.0000e+01
4.6999e+00	7.4468e+00	3.0000e+01
4.7024e+00	7.4427e+00	3.0000e+01
4.7024e+00	7.4427e+00	3.0000e+01
4.7049e+00	7.4388e+00	3.0000e+01
4.7049e+00	7.4388e+00	3.0000e+01
4.7420e+00	7.3789e+00	3.0000e+01
4.7420e+00	7.3789e+00	3.0000e+01
4.7805e+00	7.3189e+00	3.0000e+01
4.7805e+00	7.3189e+00	3.0000e+01
4.7823e+00	7.3160e+00	3.0000e+01
4.7823e+00	7.3160e+00	3.0000e+01
4.7839e+00	7.3133e+00	3.0000e+01
4.7839e+00	7.3133e+00	3.0000e+01
4.8215e+00	7.2516e+00	3.0000e+01
4.8215e+00	7.2516e+00	3.0000e+01
4.8253e+00	7.2455e+00	3.0000e+01
4.8253e+00	7.2455e+00	3.0000e+01
4.8602e+00	7.1900e+00	3.0000e+01
4.8602e+00	7.1900e+00	3.0000e+01
4.8613e+00	7.1882e+00	3.0000e+01
4.8613e+00	7.1882e+00	3.0000e+01
4.8625e+00	7.1863e+00	3.0000e+01
4.8625e+00	7.1863e+00	3.0000e+01
4.9001e+00	7.1234e+00	3.0000e+01
4.9001e+00	7.1234e+00	3.0000e+01
4.9337e+00	7.0688e+00	3.0000e+01
4.9337e+00	7.0688e+00	3.0000e+01
4.9394e+00	7.0595e+00	3.0000e+01
4.9394e+00	7.0595e+00	3.0000e+01
4.9459e+00	7.0490e+00	3.0000e+01
4.9459e+00	7.0490e+00	3.0000e+01
4.9779e+00	6.9945e+00	3.0000e+01
4.9779e+00	6.9945e+00	3.0000e+01
5.0050e+00	6.9496e+00	3.0000e+01
5.0050e+00	6.9496e+00	3.0000e+01
5.0166e+00	6.9301e+00	3.0000e+01
5.0166e+00	6.9301e+00	3.0000e+01
5.0307e+00	6.9070e+00	3.0000e+01
5.0307e+00	6.9070e+00	3.0000e+01
5.0549e+00	6.8652e+00	3.0000e+01
5.0549e+00	6.8652e+00	3.0000e+01
5.0744e+00	6.8324e+00	3.0000e+01
5.0744e+00	6.8324e+00	3.0000e+01
5.0931e+00	6.8005e+00	3.0000e+01
5.0931e+00	6.8005e+00	3.0000e+01
5.1170e+00	6.7608e+00	3.0000e+01
5.1170e+00	6.7608e+00	3.0000e+01
5.1312e+00	6.7358e+00	3.0000e+01
5.1312e+00	6.7358e+00	3.0000e+01
5.1421e+00	6.7172e+00	3.0000e+01
5.1421e+00	6.7172e+00	3.0000e+01
5.1689e+00	6.6708e+00	3.0000e+01
5.1689e+00	6.6708e+00	3.0000e+01
5.2048e+00	6.6104e+00	3.0000e+01
5.2048e+00	6.6104e+00	3.0000e+01
5.2069e+00	6.6066e+00	3.0000e+01
5.2069e+00	6.6066e+00	3.0000e+01
5.2085e+00	6.6039e+00	3.0000e+01
5.2085e+00	6.6039e+00	3.0000e+01
5.2177e+00	6.5876e+00	3.0000e+01
5.2177e+00	6.5876e+00	3.0000e+01
5.2439e+00	6.5414e+00	3.0000e+01
5.2439e+00	6.5414e+00	3.0000e+01
5.2724e+00	6.4926e+00	3.0000e+01
5.2724e+00	6.4926e+00	3.0000e+01
5.2814e+00	6.4771e+00	3.0000e+01
5.2814e+00	6.4771e+00	3.0000e+01
5.2941e+00	6.4556e+00	3.0000e+01
5.2941e+00	6.4556e+00	3.0000e+01
5.3184e+00	6.4124e+00	3.0000e+01
5.3184e+00	6.4124e+00	3.0000e+01
5.3352e+00	6.3831e+00	3.0000e+01
5.3352e+00	6.3831e+00	3.0000e+01
5.3553e+00	6.3480e+00	3.0000e+01
5.3553e+00	6.3480e+00	3.0000e+01
5.3849e+00	6.2974e+00	3.0000e+01
5.3849e+00	6.2974e+00	3.0000e+01
5.3923e+00	6.2841e+00	3.0000e+01
5.3923e+00	6.2841e+00	3.0000e+01
5.3972e+00	6.2755e+00	3.0000e+01
5.3972e+00	6.2755e+00	3.0000e+01
5.4202e+00	6.2345e+00	3.0000e+01
5.4202e+00	6.2345e+00	3.0000e+01
5.4286e+00	6.2197e+00	3.0000e+01
5.4286e+00	6.2197e+00	3.0000e+01
5.4575e+00	6.1696e+00	3.0000e+01
5.4575e+00	6.1696e+00	3.0000e+01
5.4653e+00	6.1562e+00	3.0000e+01
5.4653e+00	6.1562e+00	3.0000e+01
5.4772e+00	6.1357e+00	3.0000e+01
5.4772e+00	6.1357e+00	3.0000e+01
5.5014e+00	6.0924e+00	3.0000e+01
5.5014e+00	6.0924e+00	3.0000e+01
5.5167e+00	6.0656e+00	3.0000e+01
5.5167e+00	6.0656e+00	3.0000e+01
5.5375e+00	6.0290e+00	3.0000e+01
5.5375e+00	6.0290e+00	3.0000e+01
5.5712e+00	5.9712e+00	3.0000e+01
5.5712e+00	5.9712e+00	3.0000e+01
5.5739e+00	5.9663e+00	3.0000e+01
5.5739e+00	5.9663e+00	3.0000e+01
5.5756e+00	5.9633e+00	3.0000e+01
5.5756e+00	5.9633e+00	3.0000e+01
5.5822e+00	5.9516e+00	3.0000e+01
5.5822e+00	5.9516e+00	3.0000e+01
5.6094e+00	5.9030e+00	3.0000e+01
5.6094e+00	5.9030e+00	3.0000e+01
5.6327e+00	5.8628e+00	3.0000e+01
5.6327e+00	5.8628e+00	3.0000e+01
5.6453e+00	5.8406e+00	3.0000e+01
5.6453e+00	5.8406e+00	3.0000e+01
5.6667e+00	5.8040e+00	3.0000e+01
5.6667e+00	5.8040e+00	3.0000e+01
5.6811e+00	5.7785e+00	3.0000e+01
5.6811e+00	5.7785e+00	3.0000e+01
5.6895e+00	5.7639e+00	3.0000e+01
5.6895e+00	5.7639e+00	3.0000e+01
5.7165e+00	5.7165e+00	3.0000e+01
5.7165e+00	5.7165e+00	3.0000e+01
5.7202e+00	5.7100e+00	3.0000e+01
5.7202e+00	5.7100e+00	3.0000e+01
5.7454e+00	5.6667e+00	3.0000e+01
5.7454e+00	5.6667e+00	3.0000e+01
5.7521e+00	5.6551e+00	3.0000e+01
5.7521e+00	5.6551e+00	3.0000e+01
5.7639e+00	5.6351e+00	3.0000e+01
5.7639e+00	5.6351e+00	3.0000e+01
5.7874e+00	5.5938e+00	3.0000e+01
5.7874e+00	5.5938e+00	3.0000e+01
5.8006e+00	5.5712e+00	3.0000e+01
5.8006e+00	5.5712e+00	3.0000e+01
5.8226e+00	5.5330e+00	3.0000e+01
5.8226e+00	5.5330e+00	3.0000e+01
5.8465e+00	5.4924e+00	3.0000e+01
5.8465e+00	5.4924e+00	3.0000e+01
5.8556e+00	5.4772e+00	3.0000e+01
5.8556e+00	5.4772e+00	3.0000e+01
5.8581e+00	5.4729e+00	3.0000e+01
5.8581e+00	5.4729e+00	3.0000e+01
5.8628e+00	5.4650e+00	3.0000e+01
5.8628e+00	5.4650e+00	3.0000e+01
5.8930e+00	5.4126e+00	3.0000e+01
5.8930e+00	5.4126e+00	3.0000e+01
5.9094e+00	5.3849e+00	3.0000e+01
5.9094e+00	5.3849e+00	3.0000e+01
5.9281e+00	5.3530e+00	3.0000e+01
5.9281e+00	5.3530e+00	3.0000e+01
5.9633e+00	5.2944e+00	3.0000e+01
5.9633e+00	5.2944e+00	3.0000e+01
5.9634e+00	5.2942e+00	3.0000e+01
5.9634e+00	5.2942e+00	3.0000e+01
5.9635e+00	5.2941e+00	3.0000e+01
5.9635e+00	5.2941e+00	3.0000e+01
5.9637e+00	5.2937e+00	3.0000e+01
5.9637e+00	5.2937e+00	3.0000e+01
5.9981e+00	5.2352e+00	3.0000e+01
5.9981e+00	5.2352e+00	3.0000e+01
6.0164e+00	5.2048e+00	3.0000e+01
6.0164e+00	5.2048e+00	3.0000e+01
6.0331e+00	5.1769e+00	3.0000e+01
6.0331e+00	5.1769e+00	3.0000e+01
6.0656e+00	5.1238e+00	3.0000e+01
6.0656e+00	5.1238e+00	3.0000e+01
6.0683e+00	5.1193e+00	3.0000e+01
6.0683e+00	5.1193e+00	3.0000e+01
6.0697e+00	5.1170e+00	3.0000e+01
6.0697e+00	5.1170e+00	3.0000e+01
6.0739e+00	5.1101e+00	3.0000e+01
6.0739e+00	5.1101e+00	3.0000e+01
6.1030e+00	5.0617e+00	3.0000e+01
6.1030e+00	5.0617e+00	3.0000e+01
6.1221e+00	5.0307e+00	3.0000e+01
6.1221e+00	5.0307e+00	3.0000e+01
6.1379e+00	5.0049e+00	3.0000e+01
6.1379e+00	5.0049e+00	3.0000e+01
6.1696e+00	4.9543e+00	3.0000e+01
6.1696e+00	4.9543e+00	3.0000e+01
6.1731e+00	4.9487e+00	3.0000e+01
6.1731e+00	4.9487e+00	3.0000e+01
6.1748e+00	4.9459e+00	3.0000e+01
6.1748e+00	4.9459e+00	3.0000e+01
6.1799e+00	4.9377e+00	3.0000e+01
6.1799e+00	4.9377e+00	3.0000e+01
6.2078e+00	4.8926e+00	3.0000e+01
6.2078e+00	4.8926e+00	3.0000e+01
6.2269e+00	4.8625e+00	3.0000e+01
6.2269e+00	4.8625e+00	3.0000e+01
6.2428e+00	4.8372e+00	3.0000e+01
6.2428e+00	4.8372e+00	3.0000e+01
6.2755e+00	4.7866e+00	3.0000e+01
6.2755e+00	4.7866e+00	3.0000e+01
6.2781e+00	4.7825e+00	3.0000e+01
6.2781e+00	4.7825e+00	3.0000e+01
6.2794e+00	4.7805e+00	3.0000e+01
6.2794e+00	4.7805e+00	3.0000e+01
6.2831e+00	4.7747e+00	3.0000e+01
6.2831e+00	4.7747e+00	3.0000e+01
6.3130e+00	4.7280e+00	3.0000e+01
6.3130e+00	4.7280e+00	3.0000e+01
6.3314e+00	4.6999e+00	3.0000e+01
6.3314e+00	4.6999e+00	3.0000e+01
6.3481e+00	4.6742e+00	3.0000e+01
6.3481e+00	4.6742e+00	3.0000e+01
6.3831e+00	4.6218e+00	3.0000e+01
6.3831e+00	4.6218e+00	3.0000e+01
6.3836e+00	4.6210e+00	3.0000e+01
6.3836e+00	4.6210e+00	3.0000e+01
6.3838e+00	4.6207e+00	3.0000e+01
6.3838e+00	4.6207e+00	3.0000e+01
6.3845e+00	4.6196e+00	3.0000e+01
6.3845e+00	4.6196e+00	3.0000e+01
6.4188e+00	4.5681e+00	3.0000e+01
6.4188e+00	4.5681e+00	3.0000e+01
6.4361e+00	4.5428e+00	3.0000e+01
6.4361e+00	4.5428e+00	3.0000e+01
6.4542e+00	4.5159e+00	3.0000e+01
6.4542e+00	4.5159e+00	3.0000e+01
6.4851e+00	4.4713e+00	3.0000e+01
6.4851e+00	4.4713e+00	3.0000e+01
6.4887e+00	4.4662e+00	3.0000e+01
6.4887e+00	4.4662e+00	3.0000e+01
6.4899e+00	4.4643e+00	3.0000e+01
6.4899e+00	4.4643e+00	3.0000e+01
6.4926e+00	4.4605e+00	3.0000e+01
6.4926e+00	4.4605e+00	3.0000e+01
6.5256e+00	4.4132e+00	3.0000e+01
6.5256e+00	4.4132e+00	3.0000e+01
6.5415e+00	4.3908e+00	3.0000e+01
6.5415e+00	4.3908e+00	3.0000e+01
6.5615e+00	4.3626e+00	3.0000e+01
6.5615e+00	4.3626e+00	3.0000e+01
6.5862e+00	4.3284e+00	3.0000e+01
6.5862e+00	4.3284e+00	3.0000e+01
6.5946e+00	4.3168e+00	3.0000e+01
6.5946e+00	4.3168e+00	3.0000e+01
6.5976e+00	4.3127e+00	3.0000e+01
6.5976e+00	4.3127e+00	3.0000e+01
6.6039e+00	4.3040e+00	3.0000e+01
6.6039e+00	4.3040e+00	3.0000e+01
6.6338e+00	4.2632e+00	3.0000e+01
6.6338e+00	4.2632e+00	3.0000e+01
6.6483e+00	4.2440e+00	3.0000e+01
6.6483e+00	4.2440e+00	3.0000e+01
6.6704e+00	4.2144e+00	3.0000e+01
6.6704e+00	4.2144e+00	3.0000e+01
6.6889e+00	4.1901e+00	3.0000e+01
6.6889e+00	4.1901e+00	3.0000e+01
6.7024e+00	4.1724e+00	3.0000e+01
6.7024e+00	4.1724e+00	3.0000e+01
6.7071e+00	4.1662e+00	3.0000e+01
6.7071e+00	4.1662e+00	3.0000e+01
6.7172e+00	4.1530e+00	3.0000e+01
6.7172e+00	4.1530e+00	3.0000e+01
6.7441e+00	4.1185e+00	3.0000e+01
6.7441e+00	4.1185e+00	3.0000e+01
6.7573e+00	4.1021e+00	3.0000e+01
6.7573e+00	4.1021e+00	3.0000e+01
6.7815e+00	4.0715e+00	3.0000e+01
6.7815e+00	4.0715e+00	3.0000e+01
6.7945e+00	4.0554e+00	3.0000e+01
6.7945e+00	4.0554e+00	3.0000e+01
6.8128e+00	4.0329e+00	3.0000e+01
6.8128e+00	4.0329e+00	3.0000e+01
6.8191e+00	4.0250e+00	3.0000e+01
6.8191e+00	4.0250e+00	3.0000e+01
6.8324e+00	4.0087e+00	3.0000e+01
6.8324e+00	4.0087e+00	3.0000e+01
6.8571e+00	3.9792e+00	3.0000e+01
6.8571e+00	3.9792e+00	3.0000e+01
6.8694e+00	3.9649e+00	3.0000e+01
6.8694e+00	3.9649e+00	3.0000e+01
6.8956e+00	3.9341e+00	3.0000e+01
6.8956e+00	3.9341e+00	3.0000e+01
6.9049e+00	3.9233e+00	3.0000e+01
6.9049e+00	3.9233e+00	3.0000e+01
6.9268e+00	3.8981e+00	3.0000e+01
6.9268e+00	3.8981e+00	3.0000e+01
6.9342e+00	3.8895e+00	3.0000e+01
6.9342e+00	3.8895e+00	3.0000e+01
6.9496e+00	3.8719e+00	3.0000e+01
6.9496e+00	3.8719e+00	3.0000e+01
6.9736e+00	3.8456e+00	3.0000e+01
6.9736e+00	3.8456e+00	3.0000e+01
6.9858e+00	3.8323e+00	3.0000e+01
6.9858e+00	3.8323e+00	3.0000e+01
7.0135e+00	3.8023e+00	3.0000e+01
7.0135e+00	3.8023e+00	3.0000e+01
7.0228e+00	3.7924e+00	3.0000e+01
7.0228e+00	3.7924e+00	3.0000e+01
7.0461e+00	3.7677e+00	3.0000e+01
7.0461e+00	3.7677e+00	3.0000e+01
7.0536e+00	3.7596e+00	3.0000e+01
7.0536e+00	3.7596e+00	3.0000e+01
7.0688e+00	3.7436e+00	3.0000e+01
7.0688e+00	3.7436e+00	3.0000e+01
7.0946e+00	3.7177e+00	3.0000e+01
7.0946e+00	3.7177e+00	3.0000e+01
7.1084e+00	3.7042e+00	3.0000e+01
7.1084e+00	3.7042e+00	3.0000e+01
7.1364e+00	3.6765e+00	3.0000e+01
7.1364e+00	3.6765e+00	3.0000e+01
7.1527e+00	3.6607e+00	3.0000e+01
7.1527e+00	3.6607e+00	3.0000e+01
7.1724e+00	3.6417e+00	3.0000e+01
7.1724e+00	3.6417e+00	3.0000e+01
7.1784e+00	3.6358e+00	3.0000e+01
7.1784e+00	3.6358e+00	3.0000e+01
7.1900e+00	3.6247e+00	3.0000e+01
7.1900e+00	3.6247e+00	3.0000e+01
7.2217e+00	3.5961e+00	3.0000e+01
7.2217e+00	3.5961e+00	3.0000e+01
7.2396e+00	3.5803e+00	3.0000e+01
7.2396e+00	3.5803e+00	3.0000e+01
7.2658e+00	3.5570e+00	3.0000e+01
7.2658e+00	3.5570e+00	3.0000e+01
7.3028e+00	3.5250e+00	3.0000e+01
7.3028e+00	3.5250e+00	3.0000e+01
7.3087e+00	3.5199e+00	3.0000e+01
7.3087e+00	3.5199e+00	3.0000e+01
7.3103e+00	3.5185e+00	3.0000e+01
7.3103e+00	3.5185e+00	3.0000e+01
7.3133e+00	3.5159e+00	3.0000e+01
7.3133e+00	3.5159e+00	3.0000e+01
7.3569e+00	3.4812e+00	3.0000e+01
7.3569e+00	3.4812e+00	3.0000e+01
7.3834e+00	3.4606e+00	3.0000e+01
7.3834e+00	3.4606e+00	3.0000e+01
7.4040e+00	3.4444e+00	3.0000e+01
7.4040e+00	3.4444e+00	3.0000e+01
7.4388e+00	3.4178e+00	3.0000e+01
7.4388e+00	3.4178e+00	3.0000e+01
7.4523e+00	3.4084e+00	3.0000e+01
7.4523e+00	3.4084e+00	3.0000e+01
7.4613e+00	3.4022e+00	3.0000e+01
7.4613e+00	3.4022e+00	3.0000e+01
7.5029e+00	3.3737e+00	3.0000e+01
7.5029e+00	3.3737e+00	3.0000e+01
7.5052e+00	3.3721e+00	3.0000e+01
7.5052e+00	3.3721e+00	3.0000e+01
7.5459e+00	3.3449e+00	3.0000e+01
7.5459e+00	3.3449e+00	3.0000e+01
7.5540e+00	3.3394e+00	3.0000e+01
7.5540e+00	3.3394e+00	3.0000e+01
7.5664e+00	3.3312e+00	3.0000e+01
7.5664e+00	3.3312e+00	3.0000e+01
7.6081e+00	3.3066e+00	3.0000e+01
7.6081e+00	3.3066e+00	3.0000e+01
7.6398e+00	3.2885e+00	3.0000e+01
7.6398e+00	3.2885e+00	3.0000e+01
7.6638e+00	3.2746e+00	3.0000e+01
7.6638e+00	3.2746e+00	3.0000e+01
7.6961e+00	3.2563e+00	3.0000e+01
7.6961e+00	3.2563e+00	3.0000e+01
7.7219e+00	3.2438e+00	3.0000e+01
7.7219e+00	3.2438e+00	3.0000e+01
7.7448e+00	3.2330e+00	3.0000e+01
7.7448e+00	3.2330e+00	3.0000e+01
7.7834e+00	3.2145e+00	3.0000e+01
7.7834e+00	3.2145e+00	3.0000e+01
7.8281e+00	3.1937e+00	3.0000e+01
7.8281e+00	3.1937e+00	3.0000e+01
7.8474e+00	3.1863e+00	3.0000e+01
7.8474e+00	3.1863e+00	3.0000e+01
7.8683e+00	3.1785e+00	3.0000e+01
7.8683e+00	3.1785e+00	3.0000e+01
7.9166e+00	3.1602e+00	3.0000e+01
7.9166e+00	3.1602e+00	3.0000e+01
7.9624e+00	3.1433e+00	3.0000e+01
7.9624e+00	3.1433e+00	3.0000e+01
7.9896e+00	3.1356e+00	3.0000e+01
7.9896e+00	3.1356e+00	3.0000e+01
8.0278e+00	3.1249e+00	3.0000e+01
8.0278e+00	3.1249e+00	3.0000e+01
8.0690e+00	3.1133e+00	3.0000e+01
8.0690e+00	3.1133e+00	3.0000e+01
8.0990e+00	3.1051e+00	3.0000e+01
8.0990e+00	3.1051e+00	3.0000e+01
8.1565e+00	3.0940e+00	3.0000e+01
8.1565e+00	3.0940e+00	3.0000e+01
8.2023e+00	3.0855e+00	3.0000e+01
8.2023e+00	3.0855e+00	3.0000e+01
8.2379e+00	3.0789e+00	3.0000e+01
8.2379e+00	3.0789e+00	3.0000e+01
8.2517e+00	3.0774e+00	3.0000e+01
8.2517e+00	3.0774e+00	3.0000e+01
8.3007e+00	3.0722e+00	3.0000e+01
8.3007e+00	3.0722e+00	3.0000e+01
8.3615e+00	3.0657e+00	3.0000e+01
8.3615e+00	3.0657e+00	3.0000e+01
8.3792e+00	3.0640e+00	3.0000e+01
8.3792e+00	3.0640e+00	3.0000e+01
8.4037e+00	3.0632e+00	3.0000e+01
8.4037e+00	3.0632e+00	3.0000e+01
8.4905e+00	3.0605e+00	3.0000e+01
8.4905e+00	3.0605e+00	3.0000e+01
8.5229e+00	3.0596e+00	3.0000e+01
8.5229e+00	3.0596e+00	3.0000e+01
8.5545e+00	3.0609e+00	3.0000e+01
8.5545e+00	3.0609e+00	3.0000e+01
8.6462e+00	3.0641e+00	3.0000e+01
8.6462e+00	3.0641e+00	3.0000e+01
8.6691e+00	3.0650e+00	3.0000e+01
8.6691e+00	3.0650e+00	3.0000e+01
8.6851e+00	3.0665e+00	3.0000e+01
8.6851e+00	3.0665e+00	3.0000e+01
8.7457e+00	3.0722e+00	3.0000e+01
8.7457e+00	3.0722e+00	3.0000e+01
8.8028e+00	3.0774e+00	3.0000e+01
8.8028e+00	3.0774e+00	3.0000e+01
8.8177e+00	3.0787e+00	3.0000e+01
8.8177e+00	3.0787e+00	3.0000e+01
8.8486e+00	3.0830e+00	3.0000e+01
8.8486e+00	3.0830e+00	3.0000e+01
8.9122e+00	3.0918e+00	3.0000e+01
8.9122e+00	3.0918e+00	3.0000e+01
8.9690e+00	3.0994e+00	3.0000e+01
8.9690e+00	3.0994e+00	3.0000e+01
9.0181e+00	3.1079e+00	3.0000e+01
9.0181e+00	3.1079e+00	3.0000e+01
9.1194e+00	3.1249e+00	3.0000e+01
9.1194e+00	3.1249e+00	3.0000e+01
9.1217e+00	3.1253e+00	3.0000e+01
9.1217e+00	3.1253e+00	3.0000e+01
9.1228e+00	3.1255e+00	3.0000e+01
9.1228e+00	3.1255e+00	3.0000e+01
9.1265e+00	3.1261e+00	3.0000e+01
9.1265e+00	3.1261e+00	3.0000e+01
9.2221e+00	3.1443e+00	3.0000e+01
9.2221e+00	3.1443e+00	3.0000e+01
9.2793e+00	3.1548e+00	3.0000e+01
9.2793e+00	3.1548e+00	3.0000e+01
9.3232e+00	3.1635e+00	3.0000e+01
9.3232e+00	3.1635e+00	3.0000e+01
9.4004e+00	3.1785e+00	3.0000e+01
9.4004e+00	3.1785e+00	3.0000e+01
9.4247e+00	3.1831e+00	3.0000e+01
9.4247e+00	3.1831e+00	3.0000e+01
9.4384e+00	3.1857e+00	3.0000e+01
9.4384e+00	3.1857e+00	3.0000e+01
9.4865e+00	3.1947e+00	3.0000e+01
9.4865e+00	3.1947e+00	3.0000e+01
9.5282e+00	3.2025e+00	3.0000e+01
9.5282e+00	3.2025e+00	3.0000e+01
9.6003e+00	3.2158e+00	3.0000e+01
9.6003e+00	3.2158e+00	3.0000e+01
9.6344e+00	3.2216e+00	3.0000e+01
9.6344e+00	3.2216e+00	3.0000e+01
9.7032e+00	3.2330e+00	3.0000e+01
9.7032e+00	3.2330e+00	3.0000e+01
9.7446e+00	3.2398e+00	3.0000e+01
9.7446e+00	3.2398e+00	3.0000e+01
9.7650e+00	3.2430e+00	3.0000e+01
9.7650e+00	3.2430e+00	3.0000e+01
9.8152e+00	3.2496e+00	3.0000e+01
9.8152e+00	3.2496e+00	3.0000e+01
9.8625e+00	3.2560e+00	3.0000e+01
9.8625e+00	3.2560e+00	3.0000e+01
9.9325e+00	3.2650e+00	3.0000e+01
9.9325e+00	3.2650e+00	3.0000e+01
9.9885e+00	3.2700e+00	3.0000e+01
9.9885e+00	3.2700e+00	3.0000e+01
1.0067e+01	3.2767e+00	3.0000e+01
1.0067e+01	3.2767e+00	3.0000e+01
1.0103e+01	3.2798e+00	3.0000e+01
1.0103e+01	3.2798e+00	3.0000e+01
1.0127e+01	3.2807e+00	3.0000e+01
1.0127e+01	3.2807e+00	3.0000e+01
1.0265e+01	3.2850e+00	3.0000e+01
1.0265e+01	3.2850e+00	3.0000e+01
1.0276e+01	3.2853e+00	3.0000e+01
1.0276e+01	3.2853e+00	3.0000e+01
1.0287e+01	3.2850e+00	3.0000e+01
1.0287e+01	3.2850e+00	3.0000e+01
1.0427e+01	3.2804e+00	3.0000e+01
1.0427e+01	3.2804e+00	3.0000e+01
1.0452e+01	3.2796e+00	3.0000e+01
1.0452e+01	3.2796e+00	3.0000e+01
1.0495e+01	3.2752e+00	3.0000e+01
1.0495e+01	3.2752e+00	3.0000e+01
1.0565e+01	3.2678e+00	3.0000e+01
1.0565e+01	3.2678e+00	3.0000e+01
1.0632e+01	3.2611e+00	3.0000e+01
1.0632e+01	3.2611e+00	3.0000e+01
1.0690e+01	3.2506e+00	3.0000e+01
1.0690e+01	3.2506e+00	3.0000e+01
1.0791e+01	3.2330e+00	3.0000e+01
1.0791e+01	3.2330e+00	3.0000e+01
1.0805e+01	3.2304e+00	3.0000e+01
1.0805e+01	3.2304e+00	3.0000e+01
1.0814e+01	3.2289e+00	3.0000e+01
1.0814e+01	3.2289e+00	3.0000e+01
1.0905e+01	3.2054e+00	3.0000e+01
1.0905e+01	3.2054e+00	3.0000e+01
1.0918e+01	3.2023e+00	3.0000e+01
1.0918e+01	3.2023e+00	3.0000e+01
1.0999e+01	3.1819e+00	3.0000e+01
1.0999e+01	3.1819e+00	3.0000e+01
1.1005e+01	3.1801e+00	3.0000e+01
1.1005e+01	3.1801e+00	3.0000e+01
1.1010e+01	3.1785e+00	3.0000e+01
1.1010e+01	3.1785e+00	3.0000e+01
1.1073e+01	3.1573e+00	3.0000e+01
1.1073e+01	3.1573e+00	3.0000e+01
1.1092e+01	3.1511e+00	3.0000e+01
1.1092e+01	3.1511e+00	3.0000e+01
1.1173e+01	3.1249e+00	3.0000e+01
1.1173e+01	3.1249e+00	3.0000e+01
1.1180e+01	3.1226e+00	3.0000e+01
1.1180e+01	3.1226e+00	3.0000e+01
1.1188e+01	3.1200e+00	3.0000e+01
1.1188e+01	3.1200e+00	3.0000e+01
1.1258e+01	3.0915e+00	3.0000e+01
1.1258e+01	3.0915e+00	3.0000e+01
1.1307e+01	3.0722e+00	3.0000e+01
1.1307e+01	3.0722e+00	3.0000e+01
1.1336e+01	3.0604e+00	3.0000e+01
1.1336e+01	3.0604e+00	3.0000e+01
1.1380e+01	3.0434e+00	3.0000e+01
1.1380e+01	3.0434e+00	3.0000e+01
1.1411e+01	3.0287e+00	3.0000e+01
1.1411e+01	3.0287e+00	3.0000e+01
1.1429e+01	3.0204e+00	3.0000e+01
1.1429e+01	3.0204e+00	3.0000e+01
1.1481e+01	2.9959e+00	3.0000e+01
1.1481e+01	2.9959e+00	3.0000e+01
1.1492e+01	2.9909e+00	3.0000e+01
1.1492e+01	2.9909e+00	3.0000e+01
1.1539e+01	2.9695e+00	3.0000e+01
1.1539e+01	2.9695e+00	3.0000e+01
1.1552e+01	2.9635e+00	3.0000e+01
1.1552e+01	2.9635e+00	3.0000e+01
1.1575e+01	2.9531e+00	3.0000e+01
1.1575e+01	2.9531e+00	3.0000e+01
1.1618e+01	2.9303e+00	3.0000e+01
1.1618e+01	2.9303e+00	3.0000e+01
1.1639e+01	2.9194e+00	3.0000e+01
1.1639e+01	2.9194e+00	3.0000e+01
1.1683e+01	2.8968e+00	3.0000e+01
1.1683e+01	2.8968e+00	3.0000e+01
1.1699e+01	2.8885e+00	3.0000e+01
1.1699e+01	2.8885e+00	3.0000e+01
1.1735e+01	2.8702e+00	3.0000e+01
1.1735e+01	2.8702e+00	3.0000e+01
1.1747e+01	2.8638e+00	3.0000e+01
1.1747e+01	2.8638e+00	3.0000e+01
1.1774e+01	2.8504e+00	3.0000e+01
1.1774e+01	2.8504e+00	3.0000e+01
1.1809e+01	2.8302e+00	3.0000e+01
1.1809e+01	2.8302e+00	3.0000e+01
1.1824e+01	2.8218e+00	3.0000e+01
1.1824e+01	2.8218e+00	3.0000e+01
1.1861e+01	2.8011e+00	3.0000e+01
1.1861e+01	2.8011e+00	3.0000e+01
1.1869e+01	2.7966e+00	3.0000e+01
1.1869e+01	2.7966e+00	3.0000e+01
1.1909e+01	2.7742e+00	3.0000e+01
1.1909e+01	2.7742e+00	3.0000e+01
1.1929e+01	2.7633e+00	3.0000e+01
1.1929e+01	2.7633e+00	3.0000e+01
1.1976e+01	2.7376e+00	3.0000e+01
1.1976e+01	2.7376e+00	3.0000e+01
1.1988e+01	2.7302e+00	3.0000e+01
1.1988e+01	2.7302e+00	3.0000e+01
1.1993e+01	2.7274e+00	3.0000e+01
1.1993e+01	2.7274e+00	3.0000e+01
1.2003e+01	2.7212e+00	3.0000e+01
1.2003e+01	2.7212e+00	3.0000e+01
1.2044e+01	2.6967e+00	3.0000e+01
1.2044e+01	2.6967e+00	3.0000e+01
1.2070e+01	2.6814e+00	3.0000e+01
1.2070e+01	2.6814e+00	3.0000e+01
1.2100e+01	2.6636e+00	3.0000e+01
1.2100e+01	2.6636e+00	3.0000e+01
1.2128e+01	2.6478e+00	3.0000e+01
1.2128e+01	2.6478e+00	3.0000e+01
1.2148e+01	2.6362e+00	3.0000e+01
1.2148e+01	2.6362e+00	3.0000e+01
1.2157e+01	2.6310e+00	3.0000e+01
1.2157e+01	2.6310e+00	3.0000e+01
1.2181e+01	2.6170e+00	3.0000e+01
1.2181e+01	2.6170e+00	3.0000e+01
1.2212e+01	2.5983e+00	3.0000e+01
1.2212e+01	2.5983e+00	3.0000e+01
1.2223e+01	2.5918e+00	3.0000e+01
1.2223e+01	2.5918e+00	3.0000e+01
1.2245e+01	2.5783e+00	3.0000e+01
1.2245e+01	2.5783e+00	3.0000e+01
1.2265e+01	2.5657e+00	3.0000e+01
1.2265e+01	2.5657e+00	3.0000e+01
1.2295e+01	2.5481e+00	3.0000e+01
1.2295e+01	2.5481e+00	3.0000e+01
1.2319e+01	2.5335e+00	3.0000e+01
1.2319e+01	2.5335e+00	3.0000e+01
1.2356e+01	2.5119e+00	3.0000e+01
1.2356e+01	2.5119e+00	3.0000e+01
1.2368e+01	2.5051e+00	3.0000e+01
1.2368e+01	2.5051e+00	3.0000e+01
1.2373e+01	2.5017e+00	3.0000e+01
1.2373e+01	2.5017e+00	3.0000e+01
1.2390e+01	2.4921e+00	3.0000e+01
1.2390e+01	2.4921e+00	3.0000e+01
1.2426e+01	2.4701e+00	3.0000e+01
1.2426e+01	2.4701e+00	3.0000e+01
1.2438e+01	2.4628e+00	3.0000e+01
1.2438e+01	2.4628e+00	3.0000e+01
1.2462e+01	2.4486e+00	3.0000e+01
1.2462e+01	2.4486e+00	3.0000e+01
1.2479e+01	2.4387e+00	3.0000e+01
1.2479e+01	2.4387e+00	3.0000e+01
1.2508e+01	2.4213e+00	3.0000e+01
1.2508e+01	2.4213e+00	3.0000e+01
1.2531e+01	2.4076e+00	3.0000e+01
1.2531e+01	2.4076e+00	3.0000e+01
1.2566e+01	2.3874e+00	3.0000e+01
1.2566e+01	2.3874e+00	3.0000e+01
1.2578e+01	2.3805e+00	3.0000e+01
1.2578e+01	2.3805e+00	3.0000e+01
1.2584e+01	2.3770e+00	3.0000e+01
1.2584e+01	2.3770e+00	3.0000e+01
1.2602e+01	2.3661e+00	3.0000e+01
1.2602e+01	2.3661e+00	3.0000e+01
1.2636e+01	2.3466e+00	3.0000e+01
1.2636e+01	2.3466e+00	3.0000e+01
1.2647e+01	2.3403e+00	3.0000e+01
1.2647e+01	2.3403e+00	3.0000e+01
1.2668e+01	2.3283e+00	3.0000e+01
1.2668e+01	2.3283e+00	3.0000e+01
1.2688e+01	2.3165e+00	3.0000e+01
1.2688e+01	2.3165e+00	3.0000e+01
1.2716e+01	2.3009e+00	3.0000e+01
1.2716e+01	2.3009e+00	3.0000e+01
1.2740e+01	2.2868e+00	3.0000e+01
1.2740e+01	2.2868e+00	3.0000e+01
1.2769e+01	2.2710e+00	3.0000e+01
1.2769e+01	2.2710e+00	3.0000e+01
1.2784e+01	2.2621e+00	3.0000e+01
1.2784e+01	2.2621e+00	3.0000e+01
1.2793e+01	2.2575e+00	3.0000e+01
1.2793e+01	2.2575e+00	3.0000e+01
1.2819e+01	2.2429e+00	3.0000e+01
1.2819e+01	2.2429e+00	3.0000e+01
1.2845e+01	2.2285e+00	3.0000e+01
1.2845e+01	2.2285e+00	3.0000e+01
1.2854e+01	2.2239e+00	3.0000e+01
1.2854e+01	2.2239e+00	3.0000e+01
1.2870e+01	2.2150e+00	3.0000e+01
1.2870e+01	2.2150e+00	3.0000e+01
1.2898e+01	2.2000e+00	3.0000e+01
1.2898e+01	2.2000e+00	3.0000e+01
1.2924e+01	2.1864e+00	3.0000e+01
1.2924e+01	2.1864e+00	3.0000e+01
1.2951e+01	2.1718e+00	3.0000e+01
1.2951e+01	2.1718e+00	3.0000e+01
1.2973e+01	2.1604e+00	3.0000e+01
1.2973e+01	2.1604e+00	3.0000e+01
1.2994e+01	2.1496e+00	3.0000e+01
1.2994e+01	2.1496e+00	3.0000e+01
1.3005e+01	2.1440e+00	3.0000e+01
1.3005e+01	2.1440e+00	3.0000e+01
1.3038e+01	2.1264e+00	3.0000e+01
1.3038e+01	2.1264e+00	3.0000e+01
1.3059e+01	2.1166e+00	3.0000e+01
1.3059e+01	2.1166e+00	3.0000e+01
1.3066e+01	2.1133e+00	3.0000e+01
1.3066e+01	2.1133e+00	3.0000e+01
1.3079e+01	2.1067e+00	3.0000e+01
1.3079e+01	2.1067e+00	3.0000e+01
1.3114e+01	2.0898e+00	3.0000e+01
1.3114e+01	2.0898e+00	3.0000e+01
1.3140e+01	2.0777e+00	3.0000e+01
1.3140e+01	2.0777e+00	3.0000e+01
1.3170e+01	2.0633e+00	3.0000e+01
1.3170e+01	2.0633e+00	3.0000e+01
1.3191e+01	2.0537e+00	3.0000e+01
1.3191e+01	2.0537e+00	3.0000e+01
1.3214e+01	2.0427e+00	3.0000e+01
1.3214e+01	2.0427e+00	3.0000e+01
1.3226e+01	2.0371e+00	3.0000e+01
1.3226e+01	2.0371e+00	3.0000e+01
1.3262e+01	2.0204e+00	3.0000e+01
1.3262e+01	2.0204e+00	3.0000e+01
1.3284e+01	2.0115e+00	3.0000e+01
1.3284e+01	2.0115e+00	3.0000e+01
1.3292e+01	2.0082e+00	3.0000e+01
1.3292e+01	2.0082e+00	3.0000e+01
1.3309e+01	2.0012e+00	3.0000e+01
1.3309e+01	2.0012e+00	3.0000e+01
1.3344e+01	1.9866e+00	3.0000e+01
1.3344e+01	1.9866e+00	3.0000e+01
1.3374e+01	1.9744e+00	3.0000e+01
1.3374e+01	1.9744e+00	3.0000e+01
1.3405e+01	1.9620e+00	3.0000e+01
1.3405e+01	1.9620e+00	3.0000e+01
1.3439e+01	1.9483e+00	3.0000e+01
1.3439e+01	1.9483e+00	3.0000e+01
1.3457e+01	1.9411e+00	3.0000e+01
1.3457e+01	1.9411e+00	3.0000e+01
1.3466e+01	1.9377e+00	3.0000e+01
1.3466e+01	1.9377e+00	3.0000e+01
1.3490e+01	1.9283e+00	3.0000e+01
1.3490e+01	1.9283e+00	3.0000e+01
1.3532e+01	1.9143e+00	3.0000e+01
1.3532e+01	1.9143e+00	3.0000e+01
1.3550e+01	1.9083e+00	3.0000e+01
1.3550e+01	1.9083e+00	3.0000e+01
1.3595e+01	1.8935e+00	3.0000e+01
1.3595e+01	1.8935e+00	3.0000e+01
1.3601e+01	1.8916e+00	3.0000e+01
1.3601e+01	1.8916e+00	3.0000e+01
1.3649e+01	1.8761e+00	3.0000e+01
1.3649e+01	1.8761e+00	3.0000e+01
1.3670e+01	1.8692e+00	3.0000e+01
1.3670e+01	1.8692e+00	3.0000e+01
1.3721e+01	1.8531e+00	3.0000e+01
1.3721e+01	1.8531e+00	3.0000e+01
1.3744e+01	1.8476e+00	3.0000e+01
1.3744e+01	1.8476e+00	3.0000e+01
1.3756e+01	1.8445e+00	3.0000e+01
1.3756e+01	1.8445e+00	3.0000e+01
1.3800e+01	1.8339e+00	3.0000e+01
1.3800e+01	1.8339e+00	3.0000e+01
1.3827e+01	1.8274e+00	3.0000e+01
1.3827e+01	1.8274e+00	3.0000e+01
1.3887e+01	1.8134e+00	3.0000e+01
1.3887e+01	1.8134e+00	3.0000e+01
1.3911e+01	1.8076e+00	3.0000e+01
1.3911e+01	1.8076e+00	3.0000e+01
1.3956e+01	1.7971e+00	3.0000e+01
1.3956e+01	1.7971e+00	3.0000e+01
1.4007e+01	1.7894e+00	3.0000e+01
1.4007e+01	1.7894e+00	3.0000e+01
1.4052e+01	1.7828e+00	3.0000e+01
1.4052e+01	1.7828e+00	3.0000e+01
1.4117e+01	1.7730e+00	3.0000e+01
1.4117e+01	1.7730e+00	3.0000e+01
1.4196e+01	1.7617e+00	3.0000e+01
1.4196e+01	1.7617e+00	3.0000e+01
1.4244e+01	1.7587e+00	3.0000e+01
1.4244e+01	1.7587e+00	3.0000e+01
1.4343e+01	1.7528e+00	3.0000e+01
1.4343e+01	1.7528e+00	3.0000e+01
1.4407e+01	1.7489e+00	3.0000e+01
1.4407e+01	1.7489e+00	3.0000e+01
1.4439e+01	1.7470e+00	3.0000e+01
1.4439e+01	1.7470e+00	3.0000e+01
1.4479e+01	1.7479e+00	3.0000e+01
1.4479e+01	1.7479e+00	3.0000e+01
1.4682e+01	1.7522e+00	3.0000e+01
1.4682e+01	1.7522e+00	3.0000e+01
1.4687e+01	1.7523e+00	3.0000e+01
1.4687e+01	1.7523e+00	3.0000e+01
1.4689e+01	1.7525e+00	3.0000e+01
1.4689e+01	1.7525e+00	3.0000e+01
1.4691e+01	1.7528e+00	3.0000e+01
1.4691e+01	1.7528e+00	3.0000e+01
1.4830e+01	1.7656e+00	3.0000e+01
1.4830e+01	1.7656e+00	3.0000e+01
1.4939e+01	1.7753e+00	3.0000e+01
1.4939e+01	1.7753e+00	3.0000e+01
1.4966e+01	1.7795e+00	3.0000e+01
1.4966e+01	1.7795e+00	3.0000e+01
1.4989e+01	1.7828e+00	3.0000e+01
1.4989e+01	1.7828e+00	3.0000e+01
1.5081e+01	1.7963e+00	3.0000e+01
1.5081e+01	1.7963e+00	3.0000e+01
1.5195e+01	1.8128e+00	3.0000e+01
1.5195e+01	1.8128e+00	3.0000e+01
1.5197e+01	1.8132e+00	3.0000e+01
1.5197e+01	1.8132e+00	3.0000e+01
1.5198e+01	1.8134e+00	3.0000e+01
1.5198e+01	1.8134e+00	3.0000e+01
1.5204e+01	1.8145e+00	3.0000e+01
1.5204e+01	1.8145e+00	3.0000e+01
1.5299e+01	1.8320e+00	3.0000e+01
1.5299e+01	1.8320e+00	3.0000e+01
1.5368e+01	1.8445e+00	3.0000e+01
1.5368e+01	1.8445e+00	3.0000e+01
1.5403e+01	1.8508e+00	3.0000e+01
1.5403e+01	1.8508e+00	3.0000e+01
1.5455e+01	1.8602e+00	3.0000e+01
1.5455e+01	1.8602e+00	3.0000e+01
1.5505e+01	1.8702e+00	3.0000e+01
1.5505e+01	1.8702e+00	3.0000e+01
1.5535e+01	1.8761e+00	3.0000e+01
1.5535e+01	1.8761e+00	3.0000e+01
1.5605e+01	1.8900e+00	3.0000e+01
1.5605e+01	1.8900e+00	3.0000e+01
1.5665e+01	1.9016e+00	3.0000e+01
1.5665e+01	1.9016e+00	3.0000e+01
1.5700e+01	1.9083e+00	3.0000e+01
1.5700e+01	1.9083e+00	3.0000e+01
1.5708e+01	1.9099e+00	3.0000e+01
1.5708e+01	1.9099e+00	3.0000e+01
1.5721e+01	1.9123e+00	3.0000e+01
1.5721e+01	1.9123e+00	3.0000e+01
1.5812e+01	1.9298e+00	3.0000e+01
1.5812e+01	1.9298e+00	3.0000e+01
1.5871e+01	1.9411e+00	3.0000e+01
1.5871e+01	1.9411e+00	3.0000e+01
1.5918e+01	1.9499e+00	3.0000e+01
1.5918e+01	1.9499e+00	3.0000e+01
1.5990e+01	1.9632e+00	3.0000e+01
1.5990e+01	1.9632e+00	3.0000e+01
1.6029e+01	1.9696e+00	3.0000e+01
1.6029e+01	1.9696e+00	3.0000e+01
1.6059e+01	1.9744e+00	3.0000e+01
1.6059e+01	1.9744e+00	3.0000e+01
1.6148e+01	1.9886e+00	3.0000e+01
1.6148e+01	1.9886e+00	3.0000e+01
1.6264e+01	2.0069e+00	3.0000e+01
1.6264e+01	2.0069e+00	3.0000e+01
1.6270e+01	2.0075e+00	3.0000e+01
1.6270e+01	2.0075e+00	3.0000e+01
1.6276e+01	2.0082e+00	3.0000e+01
1.6276e+01	2.0082e+00	3.0000e+01
1.6417e+01	2.0237e+00	3.0000e+01
1.6417e+01	2.0237e+00	3.0000e+01
1.6543e+01	2.0375e+00	3.0000e+01
1.6543e+01	2.0375e+00	3.0000e+01
1.6574e+01	2.0389e+00	3.0000e+01
1.6574e+01	2.0389e+00	3.0000e+01
1.6656e+01	2.0427e+00	3.0000e+01
1.6656e+01	2.0427e+00	3.0000e+01
1.6782e+01	2.0482e+00	3.0000e+01
1.6782e+01	2.0482e+00	3.0000e+01
1.6827e+01	2.0501e+00	3.0000e+01
1.6827e+01	2.0501e+00	3.0000e+01
1.6876e+01	2.0485e+00	3.0000e+01
1.6876e+01	2.0485e+00	3.0000e+01
1.7063e+01	2.0427e+00	3.0000e+01
1.7063e+01	2.0427e+00	3.0000e+01
1.7105e+01	2.0413e+00	3.0000e+01
1.7105e+01	2.0413e+00	3.0000e+01
1.7116e+01	2.0410e+00	3.0000e+01
1.7116e+01	2.0410e+00	3.0000e+01
1.7257e+01	2.0248e+00	3.0000e+01
1.7257e+01	2.0248e+00	3.0000e+01
1.7407e+01	2.0082e+00	3.0000e+01
1.7407e+01	2.0082e+00	3.0000e+01
1.7408e+01	2.0081e+00	3.0000e+01
1.7408e+01	2.0081e+00	3.0000e+01
1.7409e+01	2.0080e+00	3.0000e+01
1.7409e+01	2.0080e+00	3.0000e+01
1.7518e+01	1.9867e+00	3.0000e+01
1.7518e+01	1.9867e+00	3.0000e+01
1.7583e+01	1.9744e+00	3.0000e+01
1.7583e+01	1.9744e+00	3.0000e+01
1.7629e+01	1.9656e+00	3.0000e+01
1.7629e+01	1.9656e+00	3.0000e+01
1.7708e+01	1.9509e+00	3.0000e+01
1.7708e+01	1.9509e+00	3.0000e+01
1.7734e+01	1.9439e+00	3.0000e+01
1.7734e+01	1.9439e+00	3.0000e+01
1.7745e+01	1.9411e+00	3.0000e+01
1.7745e+01	1.9411e+00	3.0000e+01
1.7771e+01	1.9342e+00	3.0000e+01
1.7771e+01	1.9342e+00	3.0000e+01
1.7822e+01	1.9206e+00	3.0000e+01
1.7822e+01	1.9206e+00	3.0000e+01
1.7870e+01	1.9083e+00	3.0000e+01
1.7870e+01	1.9083e+00	3.0000e+01
1.7911e+01	1.8976e+00	3.0000e+01
1.7911e+01	1.8976e+00	3.0000e+01
1.7983e+01	1.8791e+00	3.0000e+01
1.7983e+01	1.8791e+00	3.0000e+01
1.7995e+01	1.8761e+00	3.0000e+01
1.7995e+01	1.8761e+00	3.0000e+01
1.8000e+01	1.8749e+00	3.0000e+01
1.8000e+01	1.8749e+00	3.0000e+01
1.8012e+01	1.8719e+00	3.0000e+01
1.8012e+01	1.8719e+00	3.0000e+01
1.8076e+01	1.8511e+00	3.0000e+01
1.8076e+01	1.8511e+00	3.0000e+01
1.8098e+01	1.8445e+00	3.0000e+01
1.8098e+01	1.8445e+00	3.0000e+01
1.8138e+01	1.8316e+00	3.0000e+01
1.8138e+01	1.8316e+00	3.0000e+01
1.8151e+01	1.8275e+00	3.0000e+01
1.8151e+01	1.8275e+00	3.0000e+01
1.8197e+01	1.8134e+00	3.0000e+01
1.8197e+01	1.8134e+00	3.0000e+01
1.8226e+01	1.8041e+00	3.0000e+01
1.8226e+01	1.8041e+00	3.0000e+01
1.8284e+01	1.7864e+00	3.0000e+01
1.8284e+01	1.7864e+00	3.0000e+01
1.8296e+01	1.7828e+00	3.0000e+01
1.8296e+01	1.7828e+00	3.0000e+01
1.8302e+01	1.7810e+00	3.0000e+01
1.8302e+01	1.7810e+00	3.0000e+01
1.8321e+01	1.7752e+00	3.0000e+01
1.8321e+01	1.7752e+00	3.0000e+01
1.8371e+01	1.7576e+00	3.0000e+01
1.8371e+01	1.7576e+00	3.0000e+01
1.8385e+01	1.7528e+00	3.0000e+01
1.8385e+01	1.7528e+00	3.0000e+01
1.8408e+01	1.7444e+00	3.0000e+01
1.8408e+01	1.7444e+00	3.0000e+01
1.8438e+01	1.7342e+00	3.0000e+01
1.8438e+01	1.7342e+00	3.0000e+01
1.8470e+01	1.7232e+00	3.0000e+01
1.8470e+01	1.7232e+00	3.0000e+01
1.8505e+01	1.7112e+00	3.0000e+01
1.8505e+01	1.7112e+00	3.0000e+01
1.8525e+01	1.7042e+00	3.0000e+01
1.8525e+01	1.7042e+00	3.0000e+01
1.8555e+01	1.6942e+00	3.0000e+01
1.8555e+01	1.6942e+00	3.0000e+01
1.8571e+01	1.6884e+00	3.0000e+01
1.8571e+01	1.6884e+00	3.0000e+01
1.8635e+01	1.6671e+00	3.0000e+01
1.8635e+01	1.6671e+00	3.0000e+01
1.8638e+01	1.6659e+00	3.0000e+01
1.8638e+01	1.6659e+00	3.0000e+01
1.8639e+01	1.6656e+00	3.0000e+01
1.8639e+01	1.6656e+00	3.0000e+01
1.8640e+01	1.6651e+00	3.0000e+01
1.8640e+01	1.6651e+00	3.0000e+01
1.8701e+01	1.6433e+00	3.0000e+01
1.8701e+01	1.6433e+00	3.0000e+01
1.8718e+01	1.6375e+00	3.0000e+01
1.8718e+01	1.6375e+00	3.0000e+01
1.8745e+01	1.6279e+00	3.0000e+01
1.8745e+01	1.6279e+00	3.0000e+01
1.8764e+01	1.6211e+00	3.0000e+01
1.8764e+01	1.6211e+00	3.0000e+01
1.8796e+01	1.6099e+00	3.0000e+01
1.8796e+01	1.6099e+00	3.0000e+01
1.8827e+01	1.5991e+00	3.0000e+01
1.8827e+01	1.5991e+00	3.0000e+01
1.8848e+01	1.5917e+00	3.0000e+01
1.8848e+01	1.5917e+00	3.0000e+01
1.8874e+01	1.5827e+00	3.0000e+01
1.8874e+01	1.5827e+00	3.0000e+01
1.8890e+01	1.5773e+00	3.0000e+01
1.8890e+01	1.5773e+00	3.0000e+01
1.8951e+01	1.5563e+00	3.0000e+01
1.8951e+01	1.5563e+00	3.0000e+01
1.8952e+01	1.5561e+00	3.0000e+01
1.8952e+01	1.5561e+00	3.0000e+01
1.8952e+01	1.5559e+00	3.0000e+01
1.8952e+01	1.5559e+00	3.0000e+01
1.8954e+01	1.5551e+00	3.0000e+01
1.8954e+01	1.5551e+00	3.0000e+01
1.9015e+01	1.5347e+00	3.0000e+01
1.9015e+01	1.5347e+00	3.0000e+01
1.9030e+01	1.5298e+00	3.0000e+01
1.9030e+01	1.5298e+00	3.0000e+01
1.9054e+01	1.5219e+00	3.0000e+01
1.9054e+01	1.5219e+00	3.0000e+01
1.9078e+01	1.5138e+00	3.0000e+01
1.9078e+01	1.5138e+00	3.0000e+01
1.9107e+01	1.5040e+00	3.0000e+01
1.9107e+01	1.5040e+00	3.0000e+01
1.9140e+01	1.4932e+00	3.0000e+01
1.9140e+01	1.4932e+00	3.0000e+01
1.9155e+01	1.4883e+00	3.0000e+01
1.9155e+01	1.4883e+00	3.0000e+01
1.9185e+01	1.4787e+00	3.0000e+01
1.9185e+01	1.4787e+00	3.0000e+01
1.9203e+01	1.4728e+00	3.0000e+01
1.9203e+01	1.4728e+00	3.0000e+01
1.9256e+01	1.4555e+00	3.0000e+01
1.9256e+01	1.4555e+00	3.0000e+01
1.9262e+01	1.4537e+00	3.0000e+01
1.9262e+01	1.4537e+00	3.0000e+01
1.9265e+01	1.4526e+00	3.0000e+01
1.9265e+01	1.4526e+00	3.0000e+01
1.9279e+01	1.4479e+00	3.0000e+01
1.9279e+01	1.4479e+00	3.0000e+01
1.9331e+01	1.4330e+00	3.0000e+01
1.9331e+01	1.4330e+00	3.0000e+01
1.9344e+01	1.4292e+00	3.0000e+01
1.9344e+01	1.4292e+00	3.0000e+01
1.9366e+01	1.4228e+00	3.0000e+01
1.9366e+01	1.4228e+00	3.0000e+01
1.9398e+01	1.4137e+00	3.0000e+01
1.9398e+01	1.4137e+00	3.0000e+01
1.9428e+01	1.4051e+00	3.0000e+01
1.9428e+01	1.4051e+00	3.0000e+01
1.9465e+01	1.3947e+00	3.0000e+01
1.9465e+01	1.3947e+00	3.0000e+01
1.9479e+01	1.3907e+00	3.0000e+01
1.9479e+01	1.3907e+00	3.0000e+01
1.9512e+01	1.3814e+00	3.0000e+01
1.9512e+01	1.3814e+00	3.0000e+01
1.9532e+01	1.3759e+00	3.0000e+01
1.9532e+01	1.3759e+00	3.0000e+01
1.9591e+01	1.3595e+00	3.0000e+01
1.9591e+01	1.3595e+00	3.0000e+01
1.9595e+01	1.3581e+00	3.0000e+01
1.9595e+01	1.3581e+00	3.0000e+01
1.9598e+01	1.3573e+00	3.0000e+01
1.9598e+01	1.3573e+00	3.0000e+01
1.9610e+01	1.3540e+00	3.0000e+01
1.9610e+01	1.3540e+00	3.0000e+01
1.9675e+01	1.3396e+00	3.0000e+01
1.9675e+01	1.3396e+00	3.0000e+01
1.9695e+01	1.3352e+00	3.0000e+01
1.9695e+01	1.3352e+00	3.0000e+01
1.9733e+01	1.3269e+00	3.0000e+01
1.9733e+01	1.3269e+00	3.0000e+01
1.9754e+01	1.3223e+00	3.0000e+01
1.9754e+01	1.3223e+00	3.0000e+01
1.9798e+01	1.3127e+00	3.0000e+01
1.9798e+01	1.3127e+00	3.0000e+01
1.9833e+01	1.3052e+00	3.0000e+01
1.9833e+01	1.3052e+00	3.0000e+01
1.9882e+01	1.2948e+00	3.0000e+01
1.9882e+01	1.2948e+00	3.0000e+01
1.9901e+01	1.2906e+00	3.0000e+01
1.9901e+01	1.2906e+00	3.0000e+01
1.9912e+01	1.2883e+00	3.0000e+01
1.9912e+01	1.2883e+00	3.0000e+01
1.9947e+01	1.2809e+00	3.0000e+01
1.9947e+01	1.2809e+00	3.0000e+01
2.0006e+01	1.2726e+00	3.0000e+01
2.0006e+01	1.2726e+00	3.0000e+01
2.0034e+01	1.2688e+00	3.0000e+01
2.0034e+01	1.2688e+00	3.0000e+01
2.0108e+01	1.2586e+00	3.0000e+01
2.0108e+01	1.2586e+00	3.0000e+01
2.0114e+01	1.2579e+00	3.0000e+01
2.0114e+01	1.2579e+00	3.0000e+01
2.0191e+01	1.2474e+00	3.0000e+01
2.0191e+01	1.2474e+00	3.0000e+01
2.0221e+01	1.2433e+00	3.0000e+01
2.0221e+01	1.2433e+00	3.0000e+01
2.0289e+01	1.2343e+00	3.0000e+01
2.0289e+01	1.2343e+00	3.0000e+01
2.0360e+01	1.2307e+00	3.0000e+01
2.0360e+01	1.2307e+00	3.0000e+01
2.0447e+01	1.2264e+00	3.0000e+01
2.0447e+01	1.2264e+00	3.0000e+01
2.0550e+01	1.2212e+00	3.0000e+01
2.0550e+01	1.2212e+00	3.0000e+01
2.0637e+01	1.2170e+00	3.0000e+01
2.0637e+01	1.2170e+00	3.0000e+01
2.0737e+01	1.2204e+00	3.0000e+01
2.0737e+01	1.2204e+00	3.0000e+01
2.0919e+01	1.2264e+00	3.0000e+01
2.0919e+01	1.2264e+00	3.0000e+01
2.0965e+01	1.2279e+00	3.0000e+01
2.0965e+01	1.2279e+00	3.0000e+01
2.0991e+01	1.2287e+00	3.0000e+01
2.0991e+01	1.2287e+00	3.0000e+01
2.1106e+01	1.2406e+00	3.0000e+01
2.1106e+01	1.2406e+00	3.0000e+01
2.1173e+01	1.2474e+00	3.0000e+01
2.1173e+01	1.2474e+00	3.0000e+01
2.1239e+01	1.2540e+00	3.0000e+01
2.1239e+01	1.2540e+00	3.0000e+01
2.1351e+01	1.2651e+00	3.0000e+01
2.1351e+01	1.2651e+00	3.0000e+01
2.1368e+01	1.2678e+00	3.0000e+01
2.1368e+01	1.2678e+00	3.0000e+01
2.1375e+01	1.2688e+00	3.0000e+01
2.1375e+01	1.2688e+00	3.0000e+01
2.1391e+01	1.2712e+00	3.0000e+01
2.1391e+01	1.2712e+00	3.0000e+01
2.1472e+01	1.2833e+00	3.0000e+01
2.1472e+01	1.2833e+00	3.0000e+01
2.1521e+01	1.2906e+00	3.0000e+01
2.1521e+01	1.2906e+00	3.0000e+01
2.1578e+01	1.2989e+00	3.0000e+01
2.1578e+01	1.2989e+00	3.0000e+01
2.1642e+01	1.3082e+00	3.0000e+01
2.1642e+01	1.3082e+00	3.0000e+01
2.1673e+01	1.3127e+00	3.0000e+01
2.1673e+01	1.3127e+00	3.0000e+01
2.1686e+01	1.3146e+00	3.0000e+01
2.1686e+01	1.3146e+00	3.0000e+01
2.1717e+01	1.3190e+00	3.0000e+01
2.1717e+01	1.3190e+00	3.0000e+01
2.1787e+01	1.3309e+00	3.0000e+01
2.1787e+01	1.3309e+00	3.0000e+01
2.1813e+01	1.3352e+00	3.0000e+01
2.1813e+01	1.3352e+00	3.0000e+01
2.1871e+01	1.3447e+00	3.0000e+01
2.1871e+01	1.3447e+00	3.0000e+01
2.1888e+01	1.3475e+00	3.0000e+01
2.1888e+01	1.3475e+00	3.0000e+01
2.1952e+01	1.3581e+00	3.0000e+01
2.1952e+01	1.3581e+00	3.0000e+01
2.1990e+01	1.3643e+00	3.0000e+01
2.1990e+01	1.3643e+00	3.0000e+01
2.2089e+01	1.3803e+00	3.0000e+01
2.2089e+01	1.3803e+00	3.0000e+01
2.2094e+01	1.3811e+00	3.0000e+01
2.2094e+01	1.3811e+00	3.0000e+01
2.2097e+01	1.3814e+00	3.0000e+01
2.2097e+01	1.3814e+00	3.0000e+01
2.2102e+01	1.3822e+00	3.0000e+01
2.2102e+01	1.3822e+00	3.0000e+01
2.2204e+01	1.3979e+00	3.0000e+01
2.2204e+01	1.3979e+00	3.0000e+01
2.2252e+01	1.4051e+00	3.0000e+01
2.2252e+01	1.4051e+00	3.0000e+01
2.2316e+01	1.4147e+00	3.0000e+01
2.2316e+01	1.4147e+00	3.0000e+01
2.2372e+01	1.4231e+00	3.0000e+01
2.2372e+01	1.4231e+00	3.0000e+01
2.2413e+01	1.4292e+00	3.0000e+01
2.2413e+01	1.4292e+00	3.0000e+01
2.2429e+01	1.4317e+00	3.0000e+01
2.2429e+01	1.4317e+00	3.0000e+01
2.2468e+01	1.4373e+00	3.0000e+01
2.2468e+01	1.4373e+00	3.0000e+01
2.2562e+01	1.4477e+00	3.0000e+01
2.2562e+01	1.4477e+00	3.0000e+01
2.2618e+01	1.4537e+00	3.0000e+01
2.2618e+01	1.4537e+00	3.0000e+01
2.2706e+01	1.4632e+00	3.0000e+01
2.2706e+01	1.4632e+00	3.0000e+01
2.2849e+01	1.4784e+00	3.0000e+01
2.2849e+01	1.4784e+00	3.0000e+01
2.2852e+01	1.4787e+00	3.0000e+01
2.2852e+01	1.4787e+00	3.0000e+01
2.2852e+01	1.4787e+00	3.0000e+01
2.2852e+01	1.4787e+00	3.0000e+01
2.2853e+01	1.4788e+00	3.0000e+01
2.2853e+01	1.4788e+00	3.0000e+01
2.2861e+01	1.4792e+00	3.0000e+01
2.2861e+01	1.4792e+00	3.0000e+01
2.3090e+01	1.4886e+00	3.0000e+01
2.3090e+01	1.4886e+00	3.0000e+01
2.3245e+01	1.4949e+00	3.0000e+01
2.3245e+01	1.4949e+00	3.0000e+01
2.3403e+01	1.4887e+00	3.0000e+01
2.3403e+01	1.4887e+00	3.0000e+01
2.3608e+01	1.4809e+00	3.0000e+01
2.3608e+01	1.4809e+00	3.0000e+01
2.3644e+01	1.4796e+00	3.0000e+01
2.3644e+01	1.4796e+00	3.0000e+01
2.3649e+01	1.4790e+00	3.0000e+01
2.3649e+01	1.4790e+00	3.0000e+01
2.3652e+01	1.4787e+00	3.0000e+01
2.3652e+01	1.4787e+00	3.0000e+01
2.3659e+01	1.4777e+00	3.0000e+01
2.3659e+01	1.4777e+00	3.0000e+01
2.3785e+01	1.4624e+00	3.0000e+01
2.3785e+01	1.4624e+00	3.0000e+01
2.3858e+01	1.4537e+00	3.0000e+01
2.3858e+01	1.4537e+00	3.0000e+01
2.3922e+01	1.4460e+00	3.0000e+01
2.3922e+01	1.4460e+00	3.0000e+01
2.4050e+01	1.4311e+00	3.0000e+01
2.4050e+01	1.4311e+00	3.0000e+01
2.4057e+01	1.4297e+00	3.0000e+01
2.4057e+01	1.4297e+00	3.0000e+01
2.4059e+01	1.4292e+00	3.0000e+01
2.4059e+01	1.4292e+00	3.0000e+01
2.4064e+01	1.4284e+00	3.0000e+01
2.4064e+01	1.4284e+00	3.0000e+01
2.4153e+01	1.4112e+00	3.0000e+01
2.4153e+01	1.4112e+00	3.0000e+01
2.4185e+01	1.4051e+00	3.0000e+01
2.4185e+01	1.4051e+00	3.0000e+01
2.4245e+01	1.3938e+00	3.0000e+01
2.4245e+01	1.3938e+00	3.0000e+01
2.4249e+01	1.3929e+00	3.0000e+01
2.4249e+01	1.3929e+00	3.0000e+01
2.4311e+01	1.3814e+00	3.0000e+01
2.4311e+01	1.3814e+00	3.0000e+01
2.4346e+01	1.3749e+00	3.0000e+01
2.4346e+01	1.3749e+00	3.0000e+01
2.4425e+01	1.3602e+00	3.0000e+01
2.4425e+01	1.3602e+00	3.0000e+01
2.4436e+01	1.3581e+00	3.0000e+01
2.4436e+01	1.3581e+00	3.0000e+01
2.4442e+01	1.3570e+00	3.0000e+01
2.4442e+01	1.3570e+00	3.0000e+01
2.4462e+01	1.3534e+00	3.0000e+01
2.4462e+01	1.3534e+00	3.0000e+01
2.4524e+01	1.3386e+00	3.0000e+01
2.4524e+01	1.3386e+00	3.0000e+01
2.4539e+01	1.3352e+00	3.0000e+01
2.4539e+01	1.3352e+00	3.0000e+01
2.4561e+01	1.3298e+00	3.0000e+01
2.4561e+01	1.3298e+00	3.0000e+01
2.4602e+01	1.3202e+00	3.0000e+01
2.4602e+01	1.3202e+00	3.0000e+01
2.4634e+01	1.3127e+00	3.0000e+01
2.4634e+01	1.3127e+00	3.0000e+01
2.4680e+01	1.3021e+00	3.0000e+01
2.4680e+01	1.3021e+00	3.0000e+01
2.4685e+01	1.3009e+00	3.0000e+01
2.4685e+01	1.3009e+00	3.0000e+01
2.4729e+01	1.2906e+00	3.0000e+01
2.4729e+01	1.2906e+00	3.0000e+01
2.4757e+01	1.2841e+00	3.0000e+01
2.4757e+01	1.2841e+00	3.0000e+01
2.4807e+01	1.2726e+00	3.0000e+01
2.4807e+01	1.2726e+00	3.0000e+01
2.4824e+01	1.2688e+00	3.0000e+01
2.4824e+01	1.2688e+00	3.0000e+01
2.4834e+01	1.2664e+00	3.0000e+01
2.4834e+01	1.2664e+00	3.0000e+01
2.4882e+01	1.2556e+00	3.0000e+01
2.4882e+01	1.2556e+00	3.0000e+01
2.4909e+01	1.2488e+00	3.0000e+01
2.4909e+01	1.2488e+00	3.0000e+01
2.4914e+01	1.2474e+00	3.0000e+01
2.4914e+01	1.2474e+00	3.0000e+01
2.4922e+01	1.2454e+00	3.0000e+01
2.4922e+01	1.2454e+00	3.0000e+01
2.4979e+01	1.2312e+00	3.0000e+01
2.4979e+01	1.2312e+00	3.0000e+01
2.4999e+01	1.2264e+00	3.0000e+01
2.4999e+01	1.2264e+00	3.0000e+01
2.5027e+01	1.2193e+00	3.0000e+01
2.5027e+01	1.2193e+00	3.0000e+01
2.5049e+01	1.2138e+00	3.0000e+01
2.5049e+01	1.2138e+00	3.0000e+01
2.5082e+01	1.2057e+00	3.0000e+01
2.5082e+01	1.2057e+00	3.0000e+01
2.5119e+01	1.1967e+00	3.0000e+01
2.5119e+01	1.1967e+00	3.0000e+01
2.5131e+01	1.1937e+00	3.0000e+01
2.5131e+01	1.1937e+00	3.0000e+01
2.5165e+01	1.1854e+00	3.0000e+01
2.5165e+01	1.1854e+00	3.0000e+01
2.5188e+01	1.1797e+00	3.0000e+01
2.5188e+01	1.1797e+00	3.0000e+01
2.5234e+01	1.1688e+00	3.0000e+01
2.5234e+01	1.1688e+00	3.0000e+01
2.5248e+01	1.1654e+00	3.0000e+01
2.5248e+01	1.1654e+00	3.0000e+01
2.5257e+01	1.1630e+00	3.0000e+01
2.5257e+01	1.1630e+00	3.0000e+01
2.5308e+01	1.1508e+00	3.0000e+01
2.5308e+01	1.1508e+00	3.0000e+01
2.5327e+01	1.1466e+00	3.0000e+01
2.5327e+01	1.1466e+00	3.0000e+01
2.5331e+01	1.1457e+00	3.0000e+01
2.5331e+01	1.1457e+00	3.0000e+01
2.5336e+01	1.1445e+00	3.0000e+01
2.5336e+01	1.1445e+00	3.0000e+01
2.5398e+01	1.1304e+00	3.0000e+01
2.5398e+01	1.1304e+00	3.0000e+01
2.5416e+01	1.1264e+00	3.0000e+01
2.5416e+01	1.1264e+00	3.0000e+01
2.5442e+01	1.1205e+00	3.0000e+01
2.5442e+01	1.1205e+00	3.0000e+01
2.5469e+01	1.1144e+00	3.0000e+01
2.5469e+01	1.1144e+00	3.0000e+01
2.5501e+01	1.1074e+00	3.0000e+01
2.5501e+01	1.1074e+00	3.0000e+01
2.5540e+01	1.0987e+00	3.0000e+01
2.5540e+01	1.0987e+00	3.0000e+01
2.5547e+01	1.0971e+00	3.0000e+01
2.5547e+01	1.0971e+00	3.0000e+01
2.5585e+01	1.0887e+00	3.0000e+01
2.5585e+01	1.0887e+00	3.0000e+01
2.5610e+01	1.0831e+00	3.0000e+01
2.5610e+01	1.0831e+00	3.0000e+01
2.5651e+01	1.0742e+00	3.0000e+01
2.5651e+01	1.0742e+00	3.0000e+01
2.5668e+01	1.0704e+00	3.0000e+01
2.5668e+01	1.0704e+00	3.0000e+01
2.5680e+01	1.0678e+00	3.0000e+01
2.5680e+01	1.0678e+00	3.0000e+01
2.5743e+01	1.0541e+00	3.0000e+01
2.5743e+01	1.0541e+00	3.0000e+01
2.5751e+01	1.0527e+00	3.0000e+01
2.5751e+01	1.0527e+00	3.0000e+01
2.5753e+01	1.0523e+00	3.0000e+01
2.5753e+01	1.0523e+00	3.0000e+01
2.5756e+01	1.0518e+00	3.0000e+01
2.5756e+01	1.0518e+00	3.0000e+01
2.5835e+01	1.0383e+00	3.0000e+01
2.5835e+01	1.0383e+00	3.0000e+01
2.5857e+01	1.0346e+00	3.0000e+01
2.5857e+01	1.0346e+00	3.0000e+01
2.5892e+01	1.0286e+00	3.0000e+01
2.5892e+01	1.0286e+00	3.0000e+01
2.5918e+01	1.0241e+00	3.0000e+01
2.5918e+01	1.0241e+00	3.0000e+01
2.5960e+01	1.0172e+00	3.0000e+01
2.5960e+01	1.0172e+00	3.0000e+01
2.6002e+01	1.0101e+00	3.0000e+01
2.6002e+01	1.0101e+00	3.0000e+01
2.6026e+01	1.0061e+00	3.0000e+01
2.6026e+01	1.0061e+00	3.0000e+01
2.6063e+01	1.0000e+00	3.0000e+01
2.7805e+01	1.0000e+00	3.0000e+01
2.7856e+01	1.0062e+00	3.0000e+01
2.7856e+01	1.0062e+00	3.0000e+01
2.7913e+01	1.0130e+00	3.0000e+01
2.7913e+01	1.0130e+00	3.0000e+01
2.7947e+01	1.0172e+00	3.0000e+01
2.7947e+01	1.0172e+00	3.0000e+01
2.7966e+01	1.0194e+00	3.0000e+01
2.7966e+01	1.0194e+00	3.0000e+01
2.8027e+01	1.0267e+00	3.0000e+01
2.8027e+01	1.0267e+00	3.0000e+01
2.8071e+01	1.0330e+00	3.0000e+01
2.8071e+01	1.0330e+00	3.0000e+01
2.8083e+01	1.0346e+00	3.0000e+01
2.8083e+01	1.0346e+00	3.0000e+01
2.8103e+01	1.0374e+00	3.0000e+01
2.8103e+01	1.0374e+00	3.0000e+01
2.8171e+01	1.0470e+00	3.0000e+01
2.8171e+01	1.0470e+00	3.0000e+01
2.8210e+01	1.0523e+00	3.0000e+01
2.8210e+01	1.0523e+00	3.0000e+01
2.8274e+01	1.0611e+00	3.0000e+01
2.8274e+01	1.0611e+00	3.0000e+01
2.8279e+01	1.0618e+00	3.0000e+01
2.8279e+01	1.0618e+00	3.0000e+01
2.8341e+01	1.0704e+00	3.0000e+01
2.8341e+01	1.0704e+00	3.0000e+01
2.8378e+01	1.0753e+00	3.0000e+01
2.8378e+01	1.0753e+00	3.0000e+01
2.8465e+01	1.0871e+00	3.0000e+01
2.8465e+01	1.0871e+00	3.0000e+01
2.8477e+01	1.0887e+00	3.0000e+01
2.8477e+01	1.0887e+00	3.0000e+01
2.8484e+01	1.0897e+00	3.0000e+01
2.8484e+01	1.0897e+00	3.0000e+01
2.8508e+01	1.0929e+00	3.0000e+01
2.8508e+01	1.0929e+00	3.0000e+01
2.8601e+01	1.1038e+00	3.0000e+01
2.8601e+01	1.1038e+00	3.0000e+01
2.8633e+01	1.1074e+00	3.0000e+01
2.8633e+01	1.1074e+00	3.0000e+01
2.8697e+01	1.1148e+00	3.0000e+01
2.8697e+01	1.1148e+00	3.0000e+01
2.8724e+01	1.1179e+00	3.0000e+01
2.8724e+01	1.1179e+00	3.0000e+01
2.8799e+01	1.1264e+00	3.0000e+01
2.8799e+01	1.1264e+00	3.0000e+01
2.8850e+01	1.1322e+00	3.0000e+01
2.8850e+01	1.1322e+00	3.0000e+01
2.8957e+01	1.1442e+00	3.0000e+01
2.8957e+01	1.1442e+00	3.0000e+01
2.8971e+01	1.1457e+00	3.0000e+01
2.8971e+01	1.1457e+00	3.0000e+01
2.8978e+01	1.1465e+00	3.0000e+01
2.8978e+01	1.1465e+00	3.0000e+01
2.8997e+01	1.1486e+00	3.0000e+01
2.8997e+01	1.1486e+00	3.0000e+01
2.9171e+01	1.1584e+00	3.0000e+01
2.9171e+01	1.1584e+00	3.0000e+01
2.9295e+01	1.1654e+00	3.0000e+01
2.9295e+01	1.1654e+00	3.0000e+01
2.9378e+01	1.1700e+00	3.0000e+01
2.9378e+01	1.1700e+00	3.0000e+01
2.9494e+01	1.1763e+00	3.0000e+01
2.9494e+01	1.1763e+00	3.0000e+01
2.9667e+01	1.1722e+00	3.0000e+01
2.9667e+01	1.1722e+00	3.0000e+01
2.9968e+01	1.1654e+00	3.0000e+01
2.9968e+01	1.1654e+00	3.0000e+01
2.9988e+01	1.1649e+00	3.0000e+01
2.9988e+01	1.1649e+00	3.0000e+01
3.0000e+01	1.1647e+00	3.0000e+01
